episode,steps,reward
0,5,0
1,35,0
2,16,0
3,36,0
4,34,0
5,38,0
6,13,0
7,8,0
8,50,0
9,17,0
10,19,0
11,9,0
12,19,0
13,69,0
14,54,0
15,21,0
16,91,0
17,9,0
18,56,0
19,146,0
20,13,0
21,36,0
22,17,0
23,12,0
24,29,0
25,22,0
26,11,0
27,31,0
28,9,0
29,46,0
30,36,0
31,61,0
32,52,0
33,27,0
34,25,0
35,11,0
36,35,0
37,19,0
38,5,0
39,47,0
40,8,0
41,32,0
42,10,0
43,16,0
44,14,0
45,10,0
46,18,0
47,14,0
48,18,0
49,25,0
50,54,0
51,24,0
52,14,0
53,34,0
54,50,0
55,11,0
56,37,0
57,18,0
58,7,0
59,24,0
60,17,0
61,9,0
62,10,0
63,14,0
64,16,0
65,43,0
66,11,0
67,15,0
68,14,0
69,55,0
70,7,0
71,60,0
72,26,0
73,21,0
74,18,0
75,18,0
76,76,0
77,22,0
78,20,0
79,28,0
80,25,0
81,50,0
82,12,0
83,23,0
84,43,0
85,95,0
86,66,0
87,27,0
88,7,0
89,43,0
90,8,0
91,19,0
92,21,0
93,53,0
94,7,0
95,46,0
96,85,0
97,19,0
98,39,0
99,28,0
100,14,0
101,55,0
102,28,0
103,79,0
104,13,0
105,14,0
106,43,0
107,7,0
108,42,0
109,26,0
110,90,0
111,13,0
112,7,0
113,10,0
114,10,0
115,11,0
116,41,0
117,35,0
118,15,0
119,57,0
120,10,0
121,65,0
122,9,0
123,27,0
124,15,0
125,42,0
126,14,0
127,10,0
128,28,0
129,66,0
130,29,0
131,42,0
132,26,0
133,7,0
134,17,0
135,32,0
136,24,0
137,7,0
138,46,0
139,93,0
140,39,0
141,111,0
142,36,0
143,10,0
144,33,0
145,11,0
146,48,0
147,18,0
148,11,0
149,27,0
150,23,0
151,11,0
152,9,0
153,25,0
154,37,0
155,46,0
156,5,0
157,17,0
158,8,0
159,23,0
160,11,0
161,47,0
162,39,0
163,17,0
164,62,0
165,29,0
166,71,0
167,39,0
168,58,0
169,17,0
170,26,0
171,21,0
172,54,0
173,16,0
174,20,0
175,18,0
176,17,0
177,54,0
178,7,0
179,50,0
180,22,0
181,109,0
182,24,0
183,23,0
184,31,0
185,153,0
186,7,0
187,12,0
188,31,0
189,27,0
190,38,0
191,22,0
192,67,0
193,30,0
194,15,0
195,25,0
196,28,0
197,18,0
198,35,0
199,26,0
200,18,0
201,30,0
202,17,0
203,33,0
204,12,0
205,29,0
206,32,0
207,16,0
208,22,0
209,14,0
210,30,0
211,30,0
212,26,0
213,21,0
214,14,0
215,15,0
216,6,0
217,27,0
218,26,0
219,17,0
220,16,0
221,42,0
222,33,0
223,23,0
224,27,0
225,48,0
226,15,0
227,32,0
228,32,0
229,65,0
230,44,0
231,30,0
232,31,0
233,74,0
234,51,0
235,31,0
236,18,0
237,44,0
238,22,0
239,63,0
240,31,0
241,25,0
242,8,0
243,31,0
244,10,0
245,8,0
246,23,0
247,30,0
248,18,0
249,46,0
250,31,0
251,17,0
252,31,0
253,76,0
254,27,0
255,16,0
256,24,0
257,28,0
258,23,0
259,57,0
260,56,0
261,28,0
262,21,0
263,17,0
264,12,0
265,27,0
266,9,0
267,71,0
268,19,0
269,14,0
270,19,0
271,50,0
272,115,0
273,28,0
274,26,0
275,23,0
276,66,0
277,19,0
278,46,0
279,21,0
280,103,0
281,32,0
282,16,0
283,31,0
284,9,0
285,15,0
286,46,0
287,29,0
288,55,0
289,14,0
290,21,0
291,39,0
292,6,0
293,23,0
294,69,0
295,200,0
296,33,0
297,14,0
298,16,0
299,7,0
300,33,0
301,13,0
302,60,0
303,18,0
304,35,0
305,12,0
306,8,0
307,11,0
308,60,0
309,14,0
310,7,0
311,10,0
312,48,0
313,7,0
314,18,0
315,14,0
316,41,0
317,85,0
318,44,0
319,80,0
320,29,0
321,124,0
322,43,0
323,18,0
324,39,0
325,86,0
326,14,0
327,7,0
328,13,0
329,37,0
330,25,0
331,26,0
332,11,0
333,24,0
334,46,0
335,16,0
336,19,0
337,28,0
338,32,0
339,15,0
340,35,0
341,27,0
342,23,0
343,13,0
344,17,0
345,9,0
346,5,0
347,21,0
348,21,0
349,25,0
350,28,0
351,49,0
352,17,0
353,18,0
354,32,0
355,104,0
356,14,0
357,14,0
358,26,0
359,62,0
360,23,0
361,86,0
362,44,0
363,8,0
364,20,0
365,9,0
366,9,0
367,36,0
368,32,0
369,38,0
370,56,0
371,38,0
372,126,0
373,24,0
374,19,0
375,28,0
376,18,0
377,10,0
378,14,0
379,23,0
380,12,0
381,42,0
382,13,0
383,19,0
384,15,0
385,8,0
386,21,0
387,17,0
388,21,0
389,54,0
390,138,0
391,43,0
392,55,0
393,29,0
394,29,0
395,52,0
396,43,0
397,11,0
398,116,0
399,35,0
400,48,0
401,15,0
402,5,0
403,66,0
404,9,0
405,33,0
406,52,0
407,12,0
408,80,0
409,21,0
410,18,0
411,24,0
412,51,0
413,20,0
414,22,0
415,28,0
416,32,0
417,47,0
418,47,0
419,9,0
420,30,0
421,16,0
422,45,0
423,23,0
424,52,0
425,22,0
426,12,0
427,31,0
428,11,0
429,16,0
430,16,0
431,18,0
432,35,0
433,23,0
434,27,0
435,7,0
436,31,0
437,39,0
438,48,0
439,58,0
440,9,0
441,66,0
442,62,0
443,22,0
444,17,0
445,38,0
446,9,0
447,29,0
448,23,0
449,52,0
450,62,0
451,19,0
452,19,0
453,14,0
454,35,0
455,20,0
456,11,0
457,36,0
458,54,0
459,27,0
460,22,0
461,21,0
462,39,0
463,63,0
464,33,0
465,43,0
466,18,0
467,6,0
468,50,0
469,23,0
470,43,0
471,52,0
472,19,0
473,63,0
474,104,0
475,8,0
476,32,0
477,7,0
478,43,0
479,27,0
480,35,0
481,47,0
482,18,0
483,32,0
484,44,0
485,99,0
486,17,0
487,5,0
488,39,0
489,11,0
490,16,0
491,9,0
492,39,0
493,49,0
494,47,0
495,16,0
496,39,0
497,7,0
498,25,0
499,42,0
500,13,0
501,7,0
502,24,0
503,30,0
504,13,0
505,5,0
506,52,0
507,59,0
508,38,0
509,65,0
510,31,0
511,25,0
512,31,0
513,25,0
514,8,0
515,13,0
516,54,0
517,23,0
518,26,0
519,77,0
520,24,0
521,9,0
522,50,0
523,12,0
524,28,0
525,26,0
526,46,0
527,30,0
528,19,0
529,34,0
530,46,0
531,7,0
532,58,0
533,19,0
534,56,0
535,37,0
536,28,0
537,20,0
538,74,0
539,89,0
540,43,0
541,21,0
542,6,0
543,33,0
544,57,0
545,27,0
546,86,0
547,26,0
548,57,0
549,52,0
550,12,0
551,54,0
552,9,0
553,41,0
554,34,0
555,33,0
556,8,0
557,36,0
558,12,0
559,53,0
560,14,0
561,13,0
562,10,0
563,41,0
564,23,0
565,24,0
566,20,0
567,60,0
568,17,0
569,41,0
570,30,0
571,17,0
572,13,0
573,48,0
574,21,0
575,20,0
576,22,0
577,8,0
578,43,0
579,13,0
580,41,0
581,19,0
582,12,0
583,11,0
584,54,0
585,29,0
586,48,0
587,49,0
588,15,0
589,18,0
590,39,0
591,18,0
592,42,0
593,35,0
594,27,0
595,31,0
596,27,0
597,22,0
598,51,0
599,13,0
600,56,0
601,61,0
602,30,0
603,23,0
604,23,0
605,101,0
606,10,0
607,65,0
608,79,0
609,26,0
610,44,0
611,24,0
612,17,0
613,80,0
614,21,0
615,24,0
616,13,0
617,40,0
618,7,0
619,26,0
620,15,0
621,41,0
622,63,0
623,12,0
624,17,0
625,64,0
626,26,0
627,19,0
628,16,0
629,62,0
630,11,0
631,10,0
632,13,0
633,39,0
634,10,0
635,7,0
636,52,0
637,48,0
638,9,0
639,79,0
640,23,0
641,11,0
642,38,0
643,25,0
644,35,0
645,36,0
646,9,0
647,18,0
648,70,0
649,14,0
650,36,0
651,32,0
652,24,0
653,27,0
654,27,0
655,33,0
656,25,0
657,28,0
658,40,0
659,17,0
660,11,0
661,14,0
662,35,0
663,19,0
664,47,0
665,12,0
666,25,0
667,25,0
668,12,0
669,22,0
670,12,0
671,14,0
672,35,0
673,8,0
674,35,0
675,43,0
676,34,0
677,61,0
678,24,0
679,45,0
680,18,0
681,25,0
682,28,0
683,11,0
684,26,0
685,23,0
686,23,0
687,23,0
688,12,0
689,54,0
690,38,0
691,104,0
692,18,0
693,56,0
694,15,0
695,41,0
696,27,0
697,72,0
698,34,0
699,50,0
700,8,0
701,13,0
702,27,0
703,32,0
704,46,0
705,22,0
706,42,0
707,43,0
708,43,0
709,39,0
710,50,0
711,46,0
712,77,0
713,49,0
714,19,0
715,37,0
716,10,0
717,15,0
718,18,0
719,15,0
720,14,0
721,31,0
722,20,0
723,45,0
724,35,0
725,42,0
726,7,0
727,15,0
728,17,0
729,21,0
730,32,0
731,11,0
732,24,0
733,63,0
734,83,0
735,57,0
736,20,0
737,24,0
738,30,0
739,37,0
740,36,0
741,32,0
742,24,0
743,12,0
744,32,0
745,29,0
746,26,0
747,60,0
748,41,0
749,33,0
750,15,0
751,38,0
752,26,0
753,15,0
754,57,0
755,33,0
756,15,0
757,20,0
758,65,0
759,32,0
760,29,0
761,15,0
762,12,0
763,18,0
764,12,0
765,89,0
766,58,0
767,23,0
768,23,0
769,36,0
770,12,0
771,10,0
772,28,0
773,23,0
774,26,0
775,27,0
776,42,0
777,57,0
778,12,0
779,37,0
780,23,0
781,47,0
782,42,0
783,8,0
784,19,0
785,28,0
786,27,0
787,10,0
788,35,0
789,19,0
790,27,0
791,18,0
792,10,0
793,24,0
794,9,0
795,18,0
796,43,0
797,77,0
798,14,0
799,52,0
800,18,0
801,77,0
802,70,0
803,18,0
804,44,0
805,14,0
806,33,0
807,49,0
808,10,0
809,39,0
810,17,0
811,13,0
812,55,0
813,36,0
814,118,0
815,17,0
816,36,0
817,6,0
818,11,0
819,57,0
820,59,0
821,51,0
822,37,0
823,11,0
824,32,0
825,19,0
826,43,0
827,35,0
828,24,0
829,42,0
830,10,0
831,22,0
832,12,0
833,49,0
834,10,0
835,13,0
836,19,0
837,11,0
838,33,0
839,16,0
840,11,0
841,62,0
842,13,0
843,29,0
844,20,0
845,21,0
846,38,0
847,28,0
848,15,0
849,60,0
850,18,0
851,27,0
852,20,0
853,49,0
854,32,0
855,37,0
856,26,0
857,27,0
858,44,0
859,30,0
860,40,0
861,26,0
862,12,0
863,38,0
864,9,0
865,39,0
866,22,0
867,16,0
868,10,0
869,15,0
870,18,0
871,29,0
872,76,0
873,104,0
874,31,0
875,17,0
876,36,0
877,23,0
878,28,0
879,10,0
880,18,0
881,24,0
882,42,0
883,15,0
884,83,0
885,11,0
886,35,0
887,48,0
888,30,0
889,41,0
890,29,0
891,40,0
892,51,0
893,21,0
894,22,0
895,68,0
896,24,0
897,53,0
898,40,0
899,18,0
900,14,0
901,28,0
902,48,0
903,78,0
904,34,0
905,18,0
906,37,0
907,36,0
908,23,0
909,45,0
910,21,0
911,48,0
912,22,0
913,22,0
914,39,0
915,16,0
916,27,0
917,7,0
918,5,0
919,39,0
920,39,0
921,15,0
922,117,0
923,57,0
924,14,0
925,14,0
926,28,0
927,16,0
928,35,0
929,28,0
930,32,0
931,27,0
932,29,0
933,17,0
934,68,0
935,32,0
936,69,0
937,11,0
938,29,0
939,14,0
940,67,0
941,59,0
942,31,0
943,25,0
944,16,0
945,19,0
946,40,0
947,26,0
948,18,0
949,19,0
950,19,0
951,15,0
952,25,0
953,7,0
954,22,0
955,31,0
956,5,0
957,45,0
958,12,0
959,12,0
960,43,0
961,9,0
962,16,0
963,133,0
964,57,0
965,33,0
966,21,0
967,56,0
968,19,0
969,56,0
970,22,0
971,13,0
972,24,0
973,20,0
974,23,0
975,35,0
976,10,0
977,79,0
978,58,0
979,15,0
980,16,0
981,31,0
982,35,0
983,39,0
984,42,0
985,43,0
986,42,0
987,9,0
988,21,0
989,31,0
990,45,0
991,34,0
992,19,0
993,36,0
994,62,0
995,22,0
996,44,0
997,7,0
998,39,0
999,36,0
1000,19,0
1001,58,0
1002,50,0
1003,37,0
1004,35,0
1005,8,0
1006,7,0
1007,22,0
1008,14,0
1009,6,0
1010,31,0
1011,24,0
1012,6,0
1013,48,0
1014,52,0
1015,8,0
1016,39,0
1017,46,0
1018,14,0
1019,40,0
1020,29,0
1021,46,0
1022,69,0
1023,26,0
1024,44,0
1025,19,0
1026,50,0
1027,19,0
1028,35,0
1029,22,0
1030,14,0
1031,50,0
1032,10,0
1033,41,0
1034,25,0
1035,22,0
1036,17,0
1037,30,0
1038,13,0
1039,16,0
1040,58,0
1041,31,0
1042,89,0
1043,88,0
1044,7,0
1045,84,0
1046,35,0
1047,25,0
1048,16,0
1049,7,0
1050,14,0
1051,40,0
1052,34,0
1053,71,0
1054,88,0
1055,15,0
1056,35,0
1057,50,0
1058,71,0
1059,22,0
1060,31,0
1061,24,0
1062,34,0
1063,34,0
1064,35,0
1065,20,0
1066,46,0
1067,22,0
1068,43,0
1069,47,0
1070,20,0
1071,36,0
1072,19,0
1073,47,0
1074,91,0
1075,58,0
1076,11,0
1077,14,0
1078,93,0
1079,40,0
1080,18,0
1081,7,0
1082,20,0
1083,20,0
1084,15,0
1085,29,0
1086,52,0
1087,16,0
1088,24,0
1089,34,0
1090,30,0
1091,11,0
1092,19,0
1093,20,0
1094,35,0
1095,43,0
1096,18,0
1097,176,0
1098,16,0
1099,13,0
1100,8,0
1101,23,0
1102,10,0
1103,10,0
1104,24,0
1105,13,0
1106,41,0
1107,44,0
1108,29,0
1109,9,0
1110,16,0
1111,63,0
1112,5,0
1113,52,0
1114,53,0
1115,12,0
1116,16,0
1117,26,0
1118,15,0
1119,50,0
1120,7,0
1121,33,0
1122,12,0
1123,42,0
1124,19,0
1125,28,0
1126,23,0
1127,30,0
1128,34,0
1129,24,0
1130,43,0
1131,10,0
1132,40,0
1133,26,0
1134,47,0
1135,13,0
1136,14,0
1137,15,0
1138,19,0
1139,66,0
1140,8,0
1141,10,0
1142,42,0
1143,9,0
1144,28,0
1145,7,0
1146,27,0
1147,17,0
1148,39,0
1149,10,0
1150,46,0
1151,7,0
1152,9,0
1153,28,0
1154,20,0
1155,5,0
1156,23,0
1157,76,0
1158,22,0
1159,13,0
1160,73,0
1161,14,0
1162,38,0
1163,21,0
1164,23,0
1165,17,0
1166,73,0
1167,12,0
1168,32,0
1169,43,0
1170,20,0
1171,17,0
1172,26,0
1173,12,0
1174,24,0
1175,13,0
1176,15,0
1177,66,0
1178,61,0
1179,26,0
1180,44,0
1181,6,0
1182,118,0
1183,69,0
1184,26,0
1185,40,0
1186,56,0
1187,31,0
1188,40,0
1189,26,0
1190,28,0
1191,118,0
1192,13,0
1193,41,0
1194,23,0
1195,15,0
1196,38,0
1197,5,0
1198,30,0
1199,40,0
1200,72,0
1201,27,0
1202,36,0
1203,19,0
1204,6,0
1205,5,0
1206,48,0
1207,19,0
1208,48,0
1209,57,0
1210,35,0
1211,9,0
1212,8,0
1213,16,0
1214,52,0
1215,28,0
1216,30,0
1217,25,0
1218,19,0
1219,14,0
1220,6,0
1221,29,0
1222,15,0
1223,16,0
1224,41,0
1225,18,0
1226,9,0
1227,63,0
1228,7,0
1229,62,0
1230,17,0
1231,22,0
1232,29,0
1233,58,0
1234,21,0
1235,53,0
1236,8,0
1237,15,0
1238,54,0
1239,30,0
1240,65,0
1241,7,0
1242,31,0
1243,25,0
1244,21,0
1245,40,0
1246,36,0
1247,11,0
1248,19,0
1249,72,0
1250,91,0
1251,27,0
1252,66,0
1253,27,0
1254,33,0
1255,7,0
1256,25,0
1257,9,0
1258,13,0
1259,30,0
1260,18,0
1261,31,0
1262,64,0
1263,41,0
1264,33,0
1265,10,0
1266,53,0
1267,89,0
1268,80,0
1269,9,0
1270,42,0
1271,37,0
1272,19,0
1273,11,0
1274,52,0
1275,25,0
1276,60,0
1277,17,0
1278,12,0
1279,19,0
1280,61,0
1281,16,0
1282,16,0
1283,15,0
1284,24,0
1285,35,0
1286,22,0
1287,67,0
1288,43,0
1289,16,0
1290,53,0
1291,46,0
1292,37,0
1293,86,0
1294,33,0
1295,11,0
1296,29,0
1297,51,0
1298,15,0
1299,28,0
1300,10,0
1301,36,0
1302,42,0
1303,8,0
1304,16,0
1305,41,0
1306,9,0
1307,42,0
1308,36,0
1309,22,0
1310,7,0
1311,22,0
1312,6,0
1313,47,0
1314,51,0
1315,17,0
1316,20,0
1317,19,0
1318,16,0
1319,7,0
1320,11,0
1321,17,0
1322,81,0
1323,30,0
1324,13,0
1325,18,0
1326,8,0
1327,59,0
1328,14,0
1329,7,0
1330,44,0
1331,13,0
1332,62,0
1333,37,0
1334,20,0
1335,20,0
1336,16,0
1337,25,0
1338,16,0
1339,59,0
1340,51,0
1341,58,0
1342,8,0
1343,8,0
1344,21,0
1345,35,0
1346,6,0
1347,57,0
1348,32,0
1349,36,0
1350,8,0
1351,28,0
1352,18,0
1353,60,0
1354,29,0
1355,12,0
1356,24,0
1357,22,0
1358,9,0
1359,44,0
1360,18,0
1361,15,0
1362,18,0
1363,45,0
1364,13,0
1365,47,0
1366,26,0
1367,39,0
1368,10,0
1369,58,0
1370,13,0
1371,14,0
1372,25,0
1373,15,0
1374,28,0
1375,37,0
1376,14,0
1377,38,0
1378,41,0
1379,24,0
1380,51,0
1381,7,0
1382,20,0
1383,16,0
1384,33,0
1385,20,0
1386,44,0
1387,50,0
1388,36,0
1389,55,0
1390,20,0
1391,29,0
1392,13,0
1393,73,0
1394,61,0
1395,52,0
1396,7,0
1397,38,0
1398,61,0
1399,17,0
1400,24,0
1401,12,0
1402,26,0
1403,87,0
1404,45,0
1405,33,0
1406,48,0
1407,15,0
1408,18,0
1409,27,0
1410,33,0
1411,36,0
1412,9,0
1413,43,0
1414,31,0
1415,60,0
1416,62,0
1417,43,0
1418,139,0
1419,7,0
1420,14,0
1421,39,0
1422,58,0
1423,28,0
1424,19,0
1425,40,0
1426,14,0
1427,21,0
1428,46,0
1429,92,0
1430,23,0
1431,55,0
1432,33,0
1433,9,0
1434,17,0
1435,57,0
1436,56,0
1437,16,0
1438,7,0
1439,34,0
1440,29,0
1441,49,0
1442,40,0
1443,12,0
1444,18,0
1445,17,0
1446,68,0
1447,19,0
1448,16,0
1449,62,0
1450,67,0
1451,31,0
1452,33,0
1453,34,0
1454,24,0
1455,41,0
1456,53,0
1457,5,0
1458,58,0
1459,27,0
1460,19,0
1461,47,0
1462,16,0
1463,42,0
1464,20,0
1465,30,0
1466,42,0
1467,20,0
1468,29,0
1469,37,0
1470,5,0
1471,10,0
1472,39,0
1473,17,0
1474,33,0
1475,5,0
1476,77,0
1477,43,0
1478,53,0
1479,11,0
1480,16,0
1481,20,0
1482,22,0
1483,43,0
1484,26,0
1485,21,0
1486,17,0
1487,44,0
1488,13,0
1489,15,0
1490,10,0
1491,43,0
1492,59,0
1493,23,0
1494,28,0
1495,47,0
1496,47,0
1497,14,0
1498,19,0
1499,56,0
1500,48,0
1501,18,0
1502,41,0
1503,29,0
1504,10,0
1505,28,0
1506,14,0
1507,20,0
1508,39,0
1509,36,0
1510,19,0
1511,12,0
1512,17,0
1513,19,0
1514,10,0
1515,21,0
1516,46,0
1517,43,0
1518,30,0
1519,11,0
1520,14,0
1521,80,0
1522,30,0
1523,39,0
1524,9,0
1525,66,0
1526,42,0
1527,13,0
1528,21,0
1529,42,0
1530,20,0
1531,16,0
1532,34,0
1533,42,0
1534,13,0
1535,20,0
1536,6,0
1537,41,0
1538,18,0
1539,14,0
1540,27,0
1541,42,0
1542,19,0
1543,11,0
1544,38,0
1545,42,0
1546,8,0
1547,14,0
1548,29,0
1549,42,0
1550,17,0
1551,24,0
1552,25,0
1553,41,0
1554,21,0
1555,22,0
1556,46,0
1557,41,0
1558,9,0
1559,22,0
1560,31,0
1561,50,0
1562,16,0
1563,16,0
1564,14,0
1565,18,0
1566,17,0
1567,23,0
1568,58,0
1569,37,0
1570,28,0
1571,23,0
1572,25,0
1573,44,0
1574,11,0
1575,19,0
1576,15,0
1577,8,0
1578,22,0
1579,37,0
1580,33,0
1581,6,0
1582,22,0
1583,26,0
1584,16,0
1585,36,0
1586,8,0
1587,40,1
1588,46,0
1589,58,1
1590,190,1
1591,65,1
1592,31,1
1593,200,0
1594,200,0
1595,99,1
1596,61,1
1597,92,1
1598,97,1
1599,118,0
1600,47,1
1601,64,1
1602,200,0
1603,102,0
1604,182,1
1605,95,1
1606,55,1
1607,33,1
1608,200,1
1609,44,0
1610,86,1
1611,70,1
1612,72,1
1613,200,0
1614,133,1
1615,79,1
1616,40,0
1617,37,1
1618,123,1
1619,58,0
1620,102,0
1621,38,1
1622,64,0
1623,151,1
1624,60,0
1625,55,1
1626,44,1
1627,55,0
1628,58,1
1629,58,1
1630,127,1
1631,200,0
1632,148,1
1633,74,1
1634,40,0
1635,41,1
1636,77,1
1637,116,1
1638,77,1
1639,200,0
1640,200,0
1641,43,0
1642,59,0
1643,74,1
1644,116,1
1645,51,0
1646,66,1
1647,126,1
1648,137,0
1649,138,0
1650,64,1
1651,149,1
1652,200,0
1653,94,1
1654,200,0
1655,200,0
1656,106,1
1657,44,1
1658,200,0
1659,200,0
1660,90,1
1661,200,0
1662,28,0
1663,43,0
1664,138,0
1665,97,1
1666,110,1
1667,51,0
1668,84,0
1669,168,1
1670,100,1
1671,98,0
1672,42,1
1673,116,1
1674,42,1
1675,58,1
1676,58,1
1677,66,1
1678,61,0
1679,159,0
1680,200,0
1681,151,1
1682,169,1
1683,57,1
1684,112,1
1685,104,1
1686,195,1
1687,200,0
1688,76,1
1689,103,0
1690,81,1
1691,76,1
1692,86,0
1693,63,1
1694,43,1
1695,57,1
1696,200,0
1697,63,1
1698,107,1
1699,82,0
1700,138,1
1701,130,1
1702,93,1
1703,161,1
1704,80,1
1705,113,1
1706,66,1
1707,122,1
1708,51,1
1709,175,1
1710,115,1
1711,70,1
1712,200,0
1713,200,0
1714,200,0
1715,67,1
1716,60,1
1717,41,1
1718,67,1
1719,124,1
1720,42,1
1721,97,1
1722,31,1
1723,69,0
1724,45,0
1725,200,0
1726,118,0
1727,118,1
1728,79,1
1729,177,1
1730,27,0
1731,139,1
1732,187,1
1733,45,1
1734,50,0
1735,42,1
1736,47,1
1737,125,1
1738,101,1
1739,151,1
1740,57,1
1741,141,1
1742,63,1
1743,66,0
1744,127,1
1745,78,0
1746,118,1
1747,64,1
1748,200,0
1749,139,1
1750,129,1
1751,78,1
1752,64,1
1753,42,1
1754,63,1
1755,110,1
1756,79,1
1757,73,1
1758,52,1
1759,168,1
1760,200,0
1761,120,0
1762,135,1
1763,152,1
1764,82,1
1765,178,1
1766,110,1
1767,91,1
1768,83,1
1769,63,1
1770,200,0
1771,70,0
1772,50,1
1773,76,1
1774,115,1
1775,108,0
1776,173,0
1777,51,0
1778,87,1
1779,70,1
1780,88,0
1781,41,1
1782,49,1
1783,64,1
1784,127,1
1785,153,1
1786,175,1
1787,52,1
1788,99,1
1789,94,0
1790,35,0
1791,50,1
1792,133,1
1793,117,1
1794,74,1
1795,71,1
1796,99,1
1797,82,1
1798,198,1
1799,151,1
1800,46,0
1801,161,0
1802,68,1
1803,72,1
1804,80,1
1805,107,1
1806,71,1
1807,46,1
1808,131,1
1809,97,1
1810,110,1
1811,137,1
1812,44,1
1813,65,1
1814,124,0
1815,100,1
1816,83,1
1817,189,1
1818,41,1
1819,171,0
1820,42,1
1821,28,0
1822,56,1
1823,49,1
1824,46,1
1825,75,1
1826,157,1
1827,61,0
1828,67,1
1829,133,1
1830,41,1
1831,81,1
1832,50,1
1833,33,0
1834,50,1
1835,74,1
1836,46,1
1837,63,0
1838,192,1
1839,200,0
1840,178,1
1841,123,1
1842,119,0
1843,192,1
1844,53,1
1845,64,1
1846,53,1
1847,67,1
1848,130,1
1849,38,1
1850,57,1
1851,82,1
1852,98,1
1853,152,1
1854,67,1
1855,148,1
1856,97,1
1857,76,1
1858,47,1
1859,76,1
1860,123,1
1861,135,1
1862,74,1
1863,71,1
1864,83,0
1865,65,1
1866,147,1
1867,200,0
1868,43,0
1869,102,1
1870,69,1
1871,200,0
1872,175,1
1873,198,0
1874,77,1
1875,112,1
1876,118,1
1877,77,1
1878,71,1
1879,132,1
1880,121,0
1881,106,1
1882,99,1
1883,200,0
1884,169,1
1885,77,1
1886,177,0
1887,126,1
1888,66,1
1889,200,0
1890,131,1
1891,87,1
1892,72,1
1893,133,1
1894,158,1
1895,69,1
1896,86,1
1897,57,1
1898,57,1
1899,136,1
1900,30,1
1901,60,1
1902,77,1
1903,57,1
1904,98,1
1905,130,0
1906,162,1
1907,62,1
1908,36,1
1909,83,1
1910,144,1
1911,64,1
1912,136,1
1913,114,0
1914,104,0
1915,53,0
1916,168,1
1917,66,1
1918,125,1
1919,50,1
1920,200,0
1921,121,1
1922,121,1
1923,200,0
1924,48,1
1925,78,1
1926,200,0
1927,66,1
1928,53,0
1929,65,1
1930,200,0
1931,118,1
1932,98,1
1933,96,1
1934,41,1
1935,158,1
1936,50,1
1937,91,1
1938,57,1
1939,121,1
1940,49,0
1941,60,1
1942,144,1
1943,100,1
1944,29,1
1945,92,0
1946,109,1
1947,131,1
1948,94,1
1949,46,1
1950,45,1
1951,61,1
1952,75,1
1953,82,1
1954,152,1
1955,200,0
1956,154,1
1957,200,0
1958,200,0
1959,200,0
1960,82,1
1961,52,1
1962,47,1
1963,90,1
1964,46,1
1965,115,1
1966,83,0
1967,157,1
1968,41,1
1969,116,1
1970,59,1
1971,76,1
1972,113,1
1973,149,1
1974,182,1
1975,56,0
1976,200,0
1977,39,1
1978,57,1
1979,45,1
1980,90,1
1981,109,1
1982,59,1
1983,200,0
1984,32,1
1985,69,0
1986,123,1
1987,118,0
1988,73,1
1989,200,0
1990,86,1
1991,100,1
1992,26,1
1993,91,1
1994,200,0
1995,34,1
1996,57,1
1997,151,1
1998,134,1
1999,95,1
2000,96,1
2001,185,1
2002,87,1
2003,106,1
2004,189,1
2005,18,0
2006,82,1
2007,51,1
2008,144,1
2009,79,1
2010,200,0
2011,99,1
2012,123,1
2013,98,1
2014,35,1
2015,167,1
2016,169,1
2017,193,1
2018,107,1
2019,200,0
2020,105,1
2021,94,1
2022,142,1
2023,96,0
2024,124,1
2025,110,1
2026,87,1
2027,87,1
2028,123,1
2029,47,1
2030,200,0
2031,62,1
2032,52,1
2033,171,1
2034,114,1
2035,127,1
2036,80,1
2037,86,1
2038,77,1
2039,79,1
2040,45,1
2041,93,0
2042,56,1
2043,48,1
2044,147,1
2045,116,1
2046,72,0
2047,75,1
2048,47,1
2049,120,0
2050,75,1
2051,191,1
2052,41,0
2053,43,1
2054,48,1
2055,165,1
2056,132,1
2057,200,0
2058,123,1
2059,149,1
2060,187,1
2061,200,0
2062,36,0
2063,106,1
2064,83,1
2065,109,1
2066,108,1
2067,140,1
2068,81,1
2069,54,1
2070,79,1
2071,103,1
2072,104,1
2073,86,1
2074,95,1
2075,110,1
2076,179,1
2077,63,1
2078,30,1
2079,85,1
2080,82,0
2081,179,1
2082,102,1
2083,124,1
2084,182,1
2085,143,1
2086,26,1
2087,57,1
2088,104,1
2089,161,1
2090,200,0
2091,47,1
2092,156,1
2093,95,1
2094,114,1
2095,77,1
2096,148,1
2097,200,0
2098,165,1
2099,75,1
2100,123,1
2101,36,1
2102,53,1
2103,58,0
2104,200,0
2105,40,1
2106,171,1
2107,57,1
2108,65,1
2109,31,0
2110,67,1
2111,107,1
2112,77,1
2113,105,0
2114,64,1
2115,110,0
2116,156,1
2117,200,0
2118,119,1
2119,78,1
2120,153,1
2121,57,1
2122,55,1
2123,200,0
2124,120,1
2125,42,1
2126,128,1
2127,50,1
2128,51,1
2129,135,1
2130,173,1
2131,165,1
2132,150,1
2133,54,1
2134,200,0
2135,185,1
2136,69,1
2137,81,1
2138,60,1
2139,87,0
2140,37,1
2141,98,1
2142,76,0
2143,46,1
2144,90,1
2145,31,1
2146,83,0
2147,32,1
2148,91,1
2149,54,1
2150,30,1
2151,28,1
2152,109,1
2153,66,1
2154,140,1
2155,72,0
2156,100,1
2157,38,1
2158,175,1
2159,51,1
2160,116,1
2161,200,0
2162,85,1
2163,45,1
2164,200,0
2165,168,1
2166,128,1
2167,68,1
2168,150,1
2169,114,1
2170,93,1
2171,93,1
2172,146,1
2173,53,1
2174,62,1
2175,200,0
2176,200,0
2177,83,1
2178,200,0
2179,133,0
2180,60,1
2181,160,1
2182,105,1
2183,192,1
2184,84,0
2185,48,1
2186,172,1
2187,129,1
2188,134,1
2189,75,1
2190,123,1
2191,91,1
2192,34,0
2193,42,1
2194,114,1
2195,42,0
2196,171,1
2197,147,1
2198,83,1
2199,200,0
2200,182,1
2201,152,1
2202,200,0
2203,76,1
2204,200,0
2205,169,1
2206,92,1
2207,101,1
2208,70,1
2209,194,1
2210,45,1
2211,74,1
2212,58,1
2213,123,1
2214,48,1
2215,33,1
2216,29,1
2217,43,1
2218,49,0
2219,70,1
2220,37,1
2221,86,1
2222,128,1
2223,60,1
2224,31,1
2225,84,1
2226,108,0
2227,94,0
2228,145,1
2229,120,1
2230,35,1
2231,200,0
2232,164,1
2233,163,1
2234,86,1
2235,45,1
2236,59,0
2237,84,1
2238,110,1
2239,121,1
2240,47,1
2241,97,1
2242,133,1
2243,108,1
2244,122,1
2245,50,1
2246,49,1
2247,94,1
2248,77,1
2249,39,1
2250,52,1
2251,200,0
2252,94,1
2253,31,1
2254,57,1
2255,52,1
2256,200,0
2257,99,1
2258,101,1
2259,64,0
2260,116,1
2261,98,1
2262,57,1
2263,200,0
2264,174,1
2265,97,1
2266,200,0
2267,84,1
2268,200,0
2269,94,1
2270,66,0
2271,98,1
2272,62,1
2273,72,0
2274,200,0
2275,200,1
2276,80,1
2277,86,1
2278,200,0
2279,165,0
2280,55,1
2281,45,1
2282,152,1
2283,121,0
2284,66,1
2285,112,1
2286,86,1
2287,33,0
2288,152,1
2289,78,1
2290,151,1
2291,150,1
2292,35,1
2293,46,1
2294,125,1
2295,129,0
2296,186,0
2297,200,0
2298,60,1
2299,199,1
2300,117,1
2301,80,1
2302,139,1
2303,101,1
2304,117,1
2305,130,1
2306,78,1
2307,99,1
2308,56,1
2309,81,0
2310,117,1
2311,66,1
2312,148,1
2313,48,1
2314,70,1
2315,196,1
2316,52,1
2317,42,1
2318,52,1
2319,61,1
2320,111,1
2321,109,0
2322,24,1
2323,58,1
2324,150,1
2325,39,1
2326,187,1
2327,172,0
2328,60,1
2329,159,1
2330,200,0
2331,62,1
2332,100,1
2333,103,1
2334,56,1
2335,136,1
2336,102,1
2337,103,1
2338,200,0
2339,23,1
2340,120,1
2341,75,1
2342,96,1
2343,81,1
2344,68,1
2345,82,1
2346,123,1
2347,153,1
2348,63,1
2349,200,0
2350,46,1
2351,89,1
2352,67,1
2353,47,1
2354,64,1
2355,88,1
2356,96,1
2357,73,0
2358,123,1
2359,151,1
2360,200,0
2361,107,0
2362,55,1
2363,139,1
2364,158,1
2365,94,1
2366,35,1
2367,200,0
2368,49,0
2369,141,1
2370,52,1
2371,168,1
2372,91,1
2373,83,1
2374,200,0
2375,129,1
2376,125,1
2377,101,1
2378,171,1
2379,101,1
2380,96,1
2381,52,1
2382,89,1
2383,95,1
2384,132,1
2385,88,1
2386,138,0
2387,66,0
2388,139,1
2389,34,1
2390,34,1
2391,45,1
2392,60,1
2393,134,1
2394,33,1
2395,40,0
2396,139,1
2397,200,0
2398,71,1
2399,153,1
2400,45,0
2401,35,1
2402,167,1
2403,66,1
2404,84,1
2405,80,1
2406,132,0
2407,50,1
2408,100,1
2409,62,1
2410,165,1
2411,87,1
2412,200,0
2413,175,1
2414,86,0
2415,151,1
2416,200,0
2417,82,0
2418,200,0
2419,153,1
2420,97,1
2421,70,1
2422,39,1
2423,64,1
2424,64,1
2425,200,0
2426,61,1
2427,138,1
2428,47,1
2429,84,1
2430,104,1
2431,94,0
2432,200,0
2433,62,1
2434,174,1
2435,175,1
2436,50,1
2437,71,1
2438,200,0
2439,74,1
2440,106,1
2441,36,1
2442,72,1
2443,42,1
2444,64,1
2445,125,1
2446,177,1
2447,123,1
2448,65,1
2449,67,0
2450,120,1
2451,97,1
2452,118,0
2453,50,1
2454,180,1
2455,135,1
2456,159,1
2457,87,1
2458,101,1
2459,91,1
2460,168,1
2461,43,1
2462,126,1
2463,50,1
2464,169,1
2465,71,0
2466,175,0
2467,117,1
2468,161,1
2469,151,1
2470,100,1
2471,41,1
2472,96,1
2473,159,1
2474,75,1
2475,40,1
2476,89,1
2477,93,1
2478,122,1
2479,102,1
2480,69,1
2481,90,0
2482,88,1
2483,73,1
2484,127,1
2485,33,1
2486,200,0
2487,58,1
2488,117,1
2489,200,0
2490,74,1
2491,72,0
2492,150,1
2493,200,0
2494,69,1
2495,94,1
2496,133,1
2497,143,1
2498,200,0
2499,90,1
2500,176,1
2501,181,1
2502,98,1
2503,91,1
2504,32,1
2505,44,1
2506,84,0
2507,63,1
2508,132,1
2509,95,1
2510,185,1
2511,141,1
2512,30,1
2513,163,1
2514,171,1
2515,101,1
2516,95,1
2517,54,1
2518,95,1
2519,65,0
2520,200,0
2521,55,1
2522,160,1
2523,57,1
2524,72,1
2525,55,1
2526,36,1
2527,53,1
2528,38,1
2529,115,0
2530,37,1
2531,56,1
2532,105,1
2533,77,1
2534,68,1
2535,102,1
2536,131,0
2537,80,0
2538,57,0
2539,200,0
2540,152,1
2541,113,1
2542,88,1
2543,77,1
2544,75,1
2545,35,1
2546,134,1
2547,126,0
2548,100,1
2549,151,1
2550,145,1
2551,89,1
2552,68,1
2553,61,1
2554,84,1
2555,54,0
2556,85,1
2557,39,1
2558,67,1
2559,90,1
2560,76,1
2561,144,1
2562,167,1
2563,112,1
2564,171,1
2565,102,1
2566,123,1
2567,159,1
2568,200,0
2569,107,1
2570,51,1
2571,50,1
2572,64,1
2573,155,1
2574,129,1
2575,32,1
2576,71,1
2577,200,0
2578,44,1
2579,93,1
2580,125,1
2581,71,1
2582,64,1
2583,89,1
2584,122,1
2585,129,0
2586,63,1
2587,200,0
2588,147,0
2589,128,1
2590,88,1
2591,72,1
2592,65,0
2593,93,1
2594,96,1
2595,112,1
2596,83,1
2597,175,1
2598,186,1
2599,167,1
2600,45,1
2601,153,1
2602,113,1
2603,61,1
2604,52,1
2605,88,1
2606,66,1
2607,95,0
2608,101,0
2609,55,1
2610,131,1
2611,111,1
2612,200,0
2613,63,1
2614,101,1
2615,144,1
2616,50,1
2617,197,1
2618,165,1
2619,141,1
2620,191,1
2621,80,1
2622,96,1
2623,84,1
2624,109,1
2625,156,1
2626,96,0
2627,62,1
2628,57,1
2629,124,1
2630,58,1
2631,75,1
2632,79,1
2633,200,0
2634,58,1
2635,160,1
2636,60,1
2637,115,1
2638,127,1
2639,57,0
2640,106,1
2641,67,1
2642,105,1
2643,196,1
2644,92,1
2645,132,1
2646,67,1
2647,92,1
2648,47,1
2649,200,0
2650,111,1
2651,200,0
2652,43,1
2653,98,0
2654,128,1
2655,89,1
2656,108,0
2657,150,1
2658,65,1
2659,152,1
2660,83,1
2661,66,1
2662,141,1
2663,97,1
2664,131,1
2665,99,1
2666,63,1
2667,166,1
2668,64,1
2669,46,1
2670,122,1
2671,200,0
2672,80,1
2673,104,1
2674,121,1
2675,62,1
2676,67,1
2677,89,1
2678,81,1
2679,78,1
2680,53,0
2681,117,1
2682,200,0
2683,87,1
2684,170,0
2685,179,1
2686,200,0
2687,168,1
2688,95,1
2689,83,1
2690,59,1
2691,68,1
2692,58,1
2693,104,1
2694,200,0
2695,172,1
2696,90,1
2697,80,1
2698,87,1
2699,108,1
2700,51,0
2701,200,0
2702,126,1
2703,113,1
2704,180,1
2705,81,1
2706,58,1
2707,68,1
2708,200,0
2709,200,0
2710,48,1
2711,149,1
2712,60,1
2713,60,1
2714,200,0
2715,46,1
2716,82,1
2717,112,1
2718,88,1
2719,84,1
2720,200,0
2721,80,1
2722,90,1
2723,60,1
2724,37,1
2725,67,1
2726,82,1
2727,75,0
2728,53,1
2729,65,0
2730,82,0
2731,149,1
2732,127,1
2733,200,0
2734,50,1
2735,152,1
2736,177,1
2737,73,1
2738,49,1
2739,92,1
2740,152,1
2741,104,1
2742,110,1
2743,143,1
2744,145,1
2745,67,1
2746,104,1
2747,66,1
2748,40,1
2749,63,1
2750,54,1
2751,154,1
2752,61,1
2753,84,1
2754,180,1
2755,49,0
2756,98,0
2757,159,1
2758,183,0
2759,36,1
2760,200,0
2761,45,1
2762,37,1
2763,101,1
2764,157,1
2765,50,1
2766,114,1
2767,145,1
2768,85,1
2769,47,1
2770,81,1
2771,91,1
2772,200,0
2773,143,1
2774,66,0
2775,46,0
2776,43,0
2777,63,1
2778,20,0
2779,143,1
2780,73,1
2781,185,0
2782,147,1
2783,129,1
2784,124,1
2785,123,1
2786,56,1
2787,153,1
2788,111,1
2789,196,1
2790,89,1
2791,33,1
2792,42,1
2793,112,1
2794,200,0
2795,96,1
2796,151,1
2797,106,1
2798,120,1
2799,96,1
2800,31,0
2801,61,1
2802,45,1
2803,154,1
2804,76,1
2805,53,1
2806,29,1
2807,91,1
2808,54,1
2809,36,1
2810,73,0
2811,116,1
2812,100,1
2813,162,1
2814,126,1
2815,96,1
2816,200,0
2817,155,0
2818,87,1
2819,200,0
2820,166,1
2821,200,0
2822,176,1
2823,184,1
2824,14,0
2825,200,0
2826,140,1
2827,141,1
2828,142,1
2829,117,1
2830,53,1
2831,29,0
2832,86,1
2833,200,0
2834,116,1
2835,145,1
2836,200,0
2837,87,1
2838,61,1
2839,161,1
2840,37,1
2841,122,1
2842,57,1
2843,56,1
2844,109,1
2845,107,1
2846,74,1
2847,69,1
2848,18,0
2849,60,1
2850,74,1
2851,59,1
2852,81,1
2853,80,1
2854,200,0
2855,61,1
2856,87,1
2857,43,1
2858,82,1
2859,156,1
2860,16,0
2861,123,1
2862,61,1
2863,91,1
2864,66,0
2865,138,1
2866,64,1
2867,51,1
2868,118,1
2869,117,1
2870,118,1
2871,134,1
2872,164,1
2873,94,1
2874,83,0
2875,62,1
2876,68,1
2877,79,1
2878,54,1
2879,138,1
2880,91,1
2881,200,0
2882,94,1
2883,200,0
2884,200,0
2885,200,0
2886,54,1
2887,123,1
2888,53,0
2889,24,1
2890,169,1
2891,200,0
2892,135,1
2893,72,1
2894,166,1
2895,26,1
2896,100,1
2897,64,1
2898,50,0
2899,54,1
2900,200,0
2901,134,1
2902,74,1
2903,53,1
2904,55,1
2905,31,1
2906,51,1
2907,125,1
2908,134,1
2909,200,0
2910,133,1
2911,36,1
2912,61,1
2913,177,1
2914,68,1
2915,63,1
2916,53,1
2917,200,0
2918,81,1
2919,28,1
2920,65,1
2921,154,1
2922,66,1
2923,67,1
2924,78,1
2925,55,1
2926,138,1
2927,68,1
2928,200,0
2929,118,1
2930,24,1
2931,76,1
2932,57,1
2933,77,1
2934,114,1
2935,30,0
2936,55,1
2937,86,1
2938,92,1
2939,61,1
2940,197,1
2941,56,1
2942,91,0
2943,101,1
2944,45,1
2945,76,1
2946,96,1
2947,66,0
2948,200,0
2949,63,1
2950,200,0
2951,196,1
2952,70,1
2953,56,1
2954,200,0
2955,76,1
2956,124,1
2957,93,1
2958,50,0
2959,48,1
2960,35,1
2961,36,1
2962,62,1
2963,103,1
2964,68,1
2965,126,0
2966,42,1
2967,200,0
2968,200,0
2969,26,1
2970,59,1
2971,98,1
2972,59,1
2973,164,1
2974,170,1
2975,82,1
2976,68,1
2977,49,1
2978,200,0
2979,156,1
2980,200,0
2981,171,1
2982,53,1
2983,131,1
2984,121,1
2985,84,1
2986,133,1
2987,89,1
2988,65,1
2989,86,1
2990,123,1
2991,65,1
2992,37,0
2993,97,1
2994,157,1
2995,87,1
2996,65,1
2997,49,1
2998,36,1
2999,78,1
3000,83,1
3001,65,0
3002,64,1
3003,16,0
3004,124,1
3005,144,1
3006,44,0
3007,144,0
3008,77,1
3009,200,0
3010,41,1
3011,86,1
3012,120,1
3013,166,1
3014,119,1
3015,63,1
3016,140,1
3017,55,1
3018,110,1
3019,82,1
3020,132,1
3021,75,1
3022,137,1
3023,75,1
3024,60,1
3025,84,1
3026,55,1
3027,191,1
3028,151,1
3029,58,1
3030,96,1
3031,34,1
3032,56,1
3033,128,1
3034,50,1
3035,47,1
3036,80,1
3037,50,1
3038,38,1
3039,96,1
3040,95,1
3041,64,1
3042,108,1
3043,56,1
3044,76,1
3045,200,0
3046,200,0
3047,64,1
3048,44,1
3049,95,1
3050,54,1
3051,86,1
3052,51,1
3053,200,0
3054,38,1
3055,110,1
3056,105,1
3057,146,1
3058,87,0
3059,89,1
3060,144,1
3061,73,1
3062,34,1
3063,142,0
3064,68,1
3065,30,0
3066,137,1
3067,53,1
3068,87,1
3069,172,0
3070,168,1
3071,138,0
3072,111,1
3073,119,1
3074,107,1
3075,44,1
3076,62,1
3077,77,1
3078,58,1
3079,200,0
3080,43,1
3081,66,1
3082,47,1
3083,200,0
3084,61,1
3085,141,1
3086,40,1
3087,200,0
3088,145,1
3089,89,1
3090,107,1
3091,200,0
3092,107,1
3093,65,1
3094,67,1
3095,23,1
3096,35,1
3097,116,1
3098,106,1
3099,92,1
3100,67,1
3101,200,0
3102,193,0
3103,91,1
3104,155,1
3105,200,0
3106,153,1
3107,155,1
3108,142,1
3109,159,1
3110,134,1
3111,166,1
3112,200,0
3113,34,0
3114,43,0
3115,156,1
3116,109,1
3117,149,1
3118,77,1
3119,120,1
3120,172,1
3121,83,1
3122,115,1
3123,130,1
3124,90,1
3125,111,1
3126,106,1
3127,154,1
3128,61,1
3129,75,1
3130,150,1
3131,75,1
3132,34,1
3133,59,1
3134,59,1
3135,54,0
3136,91,1
3137,105,1
3138,52,1
3139,113,1
3140,39,1
3141,93,1
3142,173,0
3143,76,1
3144,115,1
3145,181,1
3146,61,1
3147,154,0
3148,172,1
3149,71,0
3150,200,0
3151,52,1
3152,53,1
3153,42,0
3154,166,1
3155,111,1
3156,154,1
3157,112,1
3158,122,1
3159,41,1
3160,112,1
3161,88,1
3162,72,1
3163,135,1
3164,51,1
3165,57,1
3166,142,1
3167,95,1
3168,29,1
3169,88,1
3170,52,1
3171,39,1
3172,63,1
3173,92,1
3174,121,1
3175,140,1
3176,123,1
3177,43,1
3178,118,0
3179,80,1
3180,55,1
3181,131,1
3182,129,1
3183,141,1
3184,200,0
3185,77,1
3186,28,1
3187,85,1
3188,61,1
3189,48,1
3190,38,1
3191,67,1
3192,119,1
3193,51,1
3194,122,1
3195,77,1
3196,101,1
3197,62,1
3198,139,1
3199,53,1
3200,9,0
3201,46,1
3202,115,1
3203,85,1
3204,75,1
3205,169,1
3206,55,0
3207,185,1
3208,125,0
3209,63,1
3210,55,1
3211,200,0
3212,118,1
3213,119,1
3214,35,1
3215,59,1
3216,61,0
3217,134,1
3218,65,1
3219,124,1
3220,154,1
3221,46,1
3222,200,0
3223,147,1
3224,129,1
3225,74,1
3226,42,1
3227,183,1
3228,200,0
3229,70,1
3230,100,1
3231,45,1
3232,134,1
3233,72,0
3234,59,1
3235,139,1
3236,82,1
3237,145,1
3238,58,1
3239,121,1
3240,107,1
3241,63,1
3242,77,1
3243,72,1
3244,119,0
3245,59,1
3246,51,1
3247,71,1
3248,82,1
3249,113,1
3250,77,0
3251,54,1
3252,146,0
3253,145,1
3254,100,1
3255,170,0
3256,104,1
3257,136,1
3258,95,1
3259,72,1
3260,94,1
3261,136,1
3262,55,1
3263,200,0
3264,100,1
3265,56,1
3266,111,1
3267,200,0
3268,157,1
3269,122,1
3270,194,1
3271,99,1
3272,98,0
3273,63,1
3274,113,1
3275,89,1
3276,43,1
3277,148,1
3278,111,1
3279,115,1
3280,94,1
3281,31,1
3282,47,1
3283,94,1
3284,189,1
3285,127,1
3286,55,1
3287,102,1
3288,55,1
3289,21,1
3290,77,1
3291,113,1
3292,38,0
3293,73,1
3294,122,0
3295,30,1
3296,83,1
3297,84,1
3298,105,1
3299,49,1
3300,40,1
3301,200,0
3302,194,1
3303,111,1
3304,161,1
3305,62,1
3306,95,1
3307,111,1
3308,154,1
3309,119,1
3310,152,1
3311,126,1
3312,104,1
3313,42,1
3314,118,0
3315,26,0
3316,125,0
3317,69,1
3318,200,0
3319,138,1
3320,200,0
3321,67,1
3322,132,1
3323,167,1
3324,105,1
3325,83,1
3326,75,1
3327,109,1
3328,91,1
3329,163,1
3330,38,1
3331,30,0
3332,103,1
3333,48,1
3334,88,1
3335,65,1
3336,70,1
3337,98,1
3338,83,1
3339,98,1
3340,177,0
3341,99,1
3342,57,1
3343,63,1
3344,37,0
3345,85,1
3346,33,1
3347,115,1
3348,94,1
3349,97,0
3350,62,1
3351,71,1
3352,48,1
3353,189,1
3354,57,1
3355,114,1
3356,89,1
3357,82,1
3358,139,1
3359,106,1
3360,166,0
3361,146,1
3362,90,0
3363,200,1
3364,112,1
3365,89,1
3366,63,1
3367,123,1
3368,78,1
3369,58,1
3370,49,1
3371,79,1
3372,70,1
3373,200,0
3374,42,1
3375,84,1
3376,53,1
3377,177,1
3378,57,1
3379,109,0
3380,138,1
3381,200,0
3382,60,1
3383,70,1
3384,74,1
3385,141,1
3386,35,1
3387,138,1
3388,105,1
3389,102,1
3390,115,1
3391,104,1
3392,72,1
3393,149,1
3394,33,1
3395,123,1
3396,68,1
3397,100,1
3398,100,1
3399,96,1
3400,106,1
3401,98,1
3402,91,1
3403,102,1
3404,66,1
3405,78,1
3406,99,1
3407,86,1
3408,200,0
3409,200,0
3410,145,1
3411,89,0
3412,55,0
3413,54,0
3414,132,1
3415,200,0
3416,125,1
3417,156,1
3418,152,1
3419,200,0
3420,67,0
3421,76,1
3422,41,1
3423,55,0
3424,200,0
3425,200,0
3426,65,1
3427,130,1
3428,112,1
3429,197,1
3430,45,1
3431,99,1
3432,58,1
3433,61,0
3434,195,1
3435,82,1
3436,192,1
3437,47,1
3438,171,1
3439,200,0
3440,118,1
3441,163,1
3442,177,1
3443,51,1
3444,47,0
3445,130,1
3446,26,1
3447,45,0
3448,47,1
3449,66,1
3450,71,0
3451,138,1
3452,66,1
3453,49,0
3454,113,1
3455,50,1
3456,97,1
3457,96,1
3458,94,1
3459,62,1
3460,66,1
3461,104,1
3462,54,1
3463,31,0
3464,78,1
3465,36,1
3466,115,1
3467,41,1
3468,66,1
3469,125,1
3470,48,1
3471,44,1
3472,81,1
3473,59,1
3474,166,1
3475,135,1
3476,99,0
3477,200,0
3478,59,1
3479,48,1
3480,59,1
3481,70,1
3482,28,0
3483,115,1
3484,73,1
3485,80,1
3486,200,0
3487,200,0
3488,73,1
3489,62,1
3490,110,0
3491,92,1
3492,40,1
3493,106,1
3494,85,1
3495,35,1
3496,187,1
3497,62,1
3498,83,1
3499,47,1
3500,92,0
3501,57,1
3502,50,1
3503,24,1
3504,44,1
3505,44,1
3506,120,1
3507,103,1
3508,72,1
3509,46,1
3510,91,1
3511,122,1
3512,53,1
3513,135,1
3514,81,1
3515,121,1
3516,83,1
3517,48,1
3518,200,0
3519,131,1
3520,67,0
3521,75,0
3522,69,1
3523,31,0
3524,90,1
3525,145,1
3526,88,1
3527,52,1
3528,57,1
3529,115,1
3530,116,1
3531,58,1
3532,78,1
3533,48,1
3534,93,1
3535,91,1
3536,75,1
3537,60,1
3538,44,1
3539,100,1
3540,50,0
3541,57,1
3542,81,1
3543,35,1
3544,44,1
3545,110,1
3546,86,1
3547,92,1
3548,83,1
3549,51,1
3550,147,1
3551,36,1
3552,64,1
3553,84,1
3554,61,1
3555,181,1
3556,165,1
3557,152,1
3558,146,1
3559,74,1
3560,44,1
3561,175,1
3562,200,0
3563,77,1
3564,150,1
3565,149,1
3566,146,1
3567,80,1
3568,38,1
3569,53,1
3570,150,1
3571,113,1
3572,60,0
3573,49,1
3574,200,0
3575,146,1
3576,115,1
3577,114,1
3578,96,1
3579,94,1
3580,41,1
3581,67,1
3582,194,1
3583,155,1
3584,51,1
3585,200,0
3586,100,1
3587,105,1
3588,148,1
3589,200,0
3590,192,1
3591,87,1
3592,75,1
3593,75,1
3594,84,1
3595,96,1
3596,200,0
3597,134,1
3598,118,1
3599,58,1
3600,40,1
3601,57,1
3602,57,1
3603,138,1
3604,89,1
3605,26,1
3606,200,0
3607,127,1
3608,50,1
3609,56,1
3610,200,0
3611,64,1
3612,72,1
3613,142,0
3614,102,1
3615,98,1
3616,200,0
3617,108,1
3618,113,1
3619,108,1
3620,48,1
3621,103,0
3622,56,1
3623,127,1
3624,66,0
3625,79,1
3626,80,1
3627,200,0
3628,102,1
3629,200,0
3630,145,1
3631,67,1
3632,125,1
3633,62,1
3634,187,1
3635,58,1
3636,200,0
3637,183,1
3638,56,1
3639,100,1
3640,79,1
3641,71,1
3642,74,1
3643,200,0
3644,115,1
3645,146,1
3646,56,1
3647,74,1
3648,69,1
3649,113,1
3650,33,0
3651,79,1
3652,82,1
3653,123,1
3654,105,1
3655,98,1
3656,56,1
3657,129,1
3658,75,1
3659,135,1
3660,72,1
3661,113,1
3662,84,0
3663,103,1
3664,111,1
3665,186,1
3666,134,1
3667,92,0
3668,74,1
3669,166,1
3670,135,1
3671,183,1
3672,85,1
3673,124,1
3674,41,1
3675,61,1
3676,83,1
3677,106,1
3678,108,0
3679,200,0
3680,84,1
3681,48,1
3682,200,0
3683,126,1
3684,104,1
3685,94,1
3686,139,1
3687,76,1
3688,46,1
3689,28,1
3690,168,1
3691,38,1
3692,98,1
3693,72,1
3694,200,0
3695,168,0
3696,145,1
3697,50,1
3698,110,1
3699,58,1
3700,55,1
3701,113,1
3702,78,1
3703,78,1
3704,200,0
3705,43,1
3706,76,1
3707,106,1
3708,102,1
3709,76,0
3710,66,1
3711,105,1
3712,107,1
3713,109,1
3714,53,0
3715,143,1
3716,106,1
3717,104,1
3718,84,1
3719,131,1
3720,108,1
3721,32,1
3722,161,1
3723,93,1
3724,94,1
3725,52,1
3726,101,1
3727,180,1
3728,112,1
3729,57,1
3730,77,1
3731,47,1
3732,92,1
3733,111,1
3734,108,1
3735,122,1
3736,56,1
3737,138,1
3738,23,1
3739,200,0
3740,200,0
3741,54,0
3742,94,1
3743,45,1
3744,200,0
3745,22,1
3746,95,0
3747,110,1
3748,122,1
3749,49,1
3750,195,1
3751,56,1
3752,137,1
3753,139,1
3754,82,1
3755,77,1
3756,117,1
3757,115,1
3758,135,1
3759,124,0
3760,81,1
3761,71,0
3762,141,1
3763,173,1
3764,105,1
3765,97,1
3766,171,1
3767,184,1
3768,118,1
3769,77,1
3770,51,0
3771,139,1
3772,182,1
3773,128,1
3774,49,1
3775,96,1
3776,54,1
3777,63,1
3778,158,1
3779,73,1
3780,93,1
3781,62,1
3782,78,1
3783,73,1
3784,31,1
3785,73,1
3786,62,1
3787,102,1
3788,200,0
3789,116,1
3790,92,1
3791,69,1
3792,55,1
3793,52,1
3794,78,1
3795,42,1
3796,174,1
3797,70,1
3798,99,1
3799,200,0
3800,44,1
3801,52,1
3802,125,0
3803,28,1
3804,47,1
3805,136,1
3806,66,1
3807,25,1
3808,98,1
3809,141,1
3810,64,1
3811,146,1
3812,126,1
3813,173,1
3814,81,1
3815,64,1
3816,68,1
3817,81,1
3818,78,1
3819,124,1
3820,66,1
3821,103,1
3822,78,1
3823,98,1
3824,50,1
3825,44,1
3826,78,1
3827,28,0
3828,91,1
3829,96,1
3830,76,1
3831,174,1
3832,56,1
3833,73,1
3834,90,1
3835,76,1
3836,51,1
3837,61,1
3838,94,1
3839,134,1
3840,69,1
3841,166,1
3842,148,0
3843,66,1
3844,68,1
3845,118,1
3846,91,1
3847,200,0
3848,90,1
3849,73,1
3850,79,1
3851,127,1
3852,143,1
3853,112,1
3854,51,1
3855,55,1
3856,21,1
3857,200,0
3858,33,1
3859,40,0
3860,74,1
3861,58,1
3862,150,1
3863,200,0
3864,94,1
3865,112,1
3866,67,1
3867,163,1
3868,106,1
3869,200,0
3870,176,1
3871,101,1
3872,76,1
3873,200,0
3874,96,1
3875,85,1
3876,124,1
3877,114,1
3878,107,1
3879,200,0
3880,52,0
3881,167,1
3882,200,0
3883,53,1
3884,56,1
3885,55,1
3886,158,1
3887,39,0
3888,81,1
3889,77,1
3890,168,1
3891,47,1
3892,35,0
3893,58,1
3894,147,0
3895,44,1
3896,139,1
3897,37,1
3898,135,1
3899,144,0
3900,61,1
3901,83,1
3902,62,1
3903,181,1
3904,143,1
3905,85,1
3906,63,1
3907,90,1
3908,57,1
3909,50,1
3910,51,1
3911,49,1
3912,46,1
3913,200,0
3914,200,0
3915,113,1
3916,55,1
3917,173,1
3918,86,1
3919,97,1
3920,111,1
3921,114,1
3922,56,1
3923,121,1
3924,75,1
3925,93,1
3926,196,1
3927,81,1
3928,49,0
3929,34,1
3930,11,0
3931,60,1
3932,90,1
3933,62,1
3934,34,1
3935,76,1
3936,57,0
3937,200,0
3938,110,1
3939,29,1
3940,186,1
3941,128,1
3942,99,1
3943,49,1
3944,90,1
3945,135,1
3946,53,1
3947,83,1
3948,200,0
3949,57,1
3950,181,1
3951,124,1
3952,122,1
3953,40,1
3954,42,1
3955,75,1
3956,200,0
3957,135,1
3958,55,1
3959,61,1
3960,64,1
3961,148,1
3962,51,1
3963,98,1
3964,44,1
3965,122,1
3966,101,1
3967,96,1
3968,83,1
3969,154,1
3970,38,1
3971,114,1
3972,49,1
3973,194,0
3974,119,1
3975,140,1
3976,135,0
3977,55,1
3978,84,1
3979,94,1
3980,81,1
3981,28,0
3982,127,1
3983,96,0
3984,75,0
3985,76,1
3986,76,1
3987,138,1
3988,109,0
3989,130,1
3990,95,1
3991,66,0
3992,111,1
3993,101,1
3994,67,1
3995,200,0
3996,200,0
3997,200,0
3998,91,1
3999,40,0
4000,56,1
4001,87,1
4002,86,1
4003,82,1
4004,46,1
4005,81,1
4006,79,0
4007,126,1
4008,129,1
4009,35,1
4010,136,1
4011,131,1
4012,96,1
4013,76,1
4014,103,1
4015,108,1
4016,176,1
4017,200,0
4018,119,0
4019,64,1
4020,106,1
4021,128,1
4022,55,1
4023,48,1
4024,54,1
4025,101,1
4026,90,1
4027,79,1
4028,131,1
4029,122,0
4030,51,1
4031,113,1
4032,85,0
4033,136,1
4034,200,0
4035,127,1
4036,48,1
4037,110,1
4038,64,1
4039,188,1
4040,60,1
4041,158,1
4042,55,1
4043,70,1
4044,200,0
4045,117,1
4046,164,1
4047,65,1
4048,49,1
4049,131,1
4050,200,0
4051,66,1
4052,76,1
4053,55,0
4054,45,1
4055,100,1
4056,96,1
4057,165,1
4058,129,1
4059,125,1
4060,89,1
4061,54,1
4062,170,1
4063,58,1
4064,116,1
4065,74,1
4066,115,1
4067,80,1
4068,93,1
4069,104,1
4070,93,1
4071,36,1
4072,154,0
4073,69,1
4074,33,1
4075,34,1
4076,76,1
4077,61,1
4078,47,1
4079,50,1
4080,67,1
4081,77,1
4082,131,1
4083,71,1
4084,35,1
4085,48,1
4086,116,0
4087,86,1
4088,78,1
4089,97,0
4090,94,1
4091,94,1
4092,151,1
4093,58,1
4094,136,1
4095,57,1
4096,67,1
4097,108,1
4098,27,1
4099,47,1
4100,134,1
4101,122,1
4102,72,1
4103,94,1
4104,110,1
4105,83,0
4106,133,1
4107,81,1
4108,84,1
4109,80,1
4110,92,1
4111,115,1
4112,52,1
4113,56,1
4114,60,1
4115,47,1
4116,55,1
4117,59,1
4118,200,0
4119,50,1
4120,85,0
4121,82,1
4122,27,1
4123,117,1
4124,200,0
4125,200,0
4126,93,1
4127,46,1
4128,108,1
4129,200,0
4130,62,1
4131,77,1
4132,92,1
4133,200,0
4134,88,0
4135,177,1
4136,46,1
4137,170,1
4138,66,1
4139,95,0
4140,142,1
4141,94,1
4142,138,1
4143,92,0
4144,41,1
4145,110,1
4146,200,0
4147,42,1
4148,105,1
4149,136,1
4150,185,0
4151,95,1
4152,100,1
4153,101,1
4154,110,1
4155,165,1
4156,51,1
4157,147,1
4158,120,1
4159,40,1
4160,75,1
4161,121,1
4162,142,1
4163,173,1
4164,29,1
4165,57,0
4166,23,1
4167,81,1
4168,27,1
4169,117,1
4170,47,0
4171,80,1
4172,147,1
4173,70,1
4174,56,1
4175,200,0
4176,133,1
4177,155,1
4178,49,1
4179,60,0
4180,110,1
4181,80,1
4182,53,1
4183,75,1
4184,121,1
4185,102,1
4186,97,1
4187,94,1
4188,69,1
4189,44,1
4190,134,1
4191,68,1
4192,200,0
4193,36,1
4194,163,0
4195,132,1
4196,48,1
4197,200,0
4198,145,1
4199,69,1
4200,142,1
4201,51,1
4202,53,1
4203,92,1
4204,50,1
4205,44,1
4206,149,1
4207,63,1
4208,139,1
4209,55,1
4210,120,0
4211,55,1
4212,50,0
4213,78,1
4214,200,0
4215,94,1
4216,114,1
4217,52,1
4218,92,1
4219,50,1
4220,98,1
4221,76,1
4222,43,1
4223,32,1
4224,72,1
4225,75,1
4226,152,1
4227,73,1
4228,179,1
4229,21,0
4230,41,1
4231,119,1
4232,49,1
4233,162,1
4234,59,1
4235,42,1
4236,126,1
4237,115,1
4238,76,0
4239,42,1
4240,53,1
4241,134,1
4242,104,1
4243,102,1
4244,126,1
4245,99,1
4246,153,1
4247,80,1
4248,103,1
4249,71,1
4250,33,1
4251,130,1
4252,37,1
4253,181,1
4254,200,0
4255,99,1
4256,56,0
4257,72,1
4258,72,1
4259,95,0
4260,18,1
4261,108,1
4262,113,1
4263,51,0
4264,91,1
4265,34,1
4266,89,1
4267,132,1
4268,108,1
4269,94,1
4270,118,1
4271,165,1
4272,130,1
4273,87,1
4274,77,1
4275,114,1
4276,74,1
4277,54,1
4278,48,1
4279,124,1
4280,49,1
4281,140,1
4282,48,1
4283,52,1
4284,137,1
4285,98,1
4286,51,1
4287,57,1
4288,141,1
4289,108,1
4290,200,0
4291,105,1
4292,43,1
4293,200,0
4294,105,1
4295,28,1
4296,131,1
4297,68,1
4298,39,0
4299,200,0
4300,81,1
4301,44,1
4302,109,1
4303,53,0
4304,81,1
4305,45,1
4306,162,1
4307,71,1
4308,82,1
4309,64,1
4310,109,1
4311,58,1
4312,93,1
4313,78,1
4314,70,1
4315,59,1
4316,109,1
4317,200,0
4318,65,1
4319,31,1
4320,124,1
4321,80,1
4322,123,1
4323,168,1
4324,106,1
4325,200,0
4326,92,1
4327,109,1
4328,50,1
4329,32,1
4330,75,1
4331,200,0
4332,41,1
4333,200,0
4334,58,1
4335,87,1
4336,54,1
4337,52,1
4338,23,1
4339,41,1
4340,35,0
4341,107,1
4342,126,1
4343,200,0
4344,58,1
4345,103,1
4346,167,1
4347,78,1
4348,47,1
4349,82,1
4350,76,1
4351,45,1
4352,73,1
4353,162,1
4354,190,1
4355,140,1
4356,81,1
4357,166,1
4358,52,1
4359,120,1
4360,65,1
4361,62,1
4362,121,1
4363,104,1
4364,86,1
4365,50,1
4366,93,1
4367,46,1
4368,49,1
4369,58,1
4370,128,1
4371,200,0
4372,36,1
4373,141,1
4374,66,1
4375,128,1
4376,81,1
4377,34,0
4378,86,1
4379,67,1
4380,117,1
4381,146,1
4382,99,1
4383,145,1
4384,18,1
4385,178,1
4386,62,1
4387,110,1
4388,151,1
4389,147,1
4390,56,1
4391,132,1
4392,134,1
4393,89,1
4394,90,1
4395,99,1
4396,50,1
4397,40,1
4398,53,1
4399,70,1
4400,94,1
4401,50,1
4402,144,1
4403,200,0
4404,124,1
4405,61,1
4406,134,1
4407,63,1
4408,200,0
4409,64,1
4410,65,0
4411,42,1
4412,87,1
4413,65,0
4414,95,1
4415,112,1
4416,99,1
4417,200,0
4418,175,1
4419,156,1
4420,25,0
4421,77,1
4422,89,1
4423,68,1
4424,133,1
4425,49,1
4426,200,0
4427,102,1
4428,59,1
4429,169,1
4430,66,1
4431,77,1
4432,163,1
4433,33,1
4434,110,1
4435,99,1
4436,89,1
4437,91,1
4438,137,1
4439,115,1
4440,47,1
4441,41,1
4442,182,1
4443,94,1
4444,80,1
4445,200,0
4446,125,1
4447,159,1
4448,161,1
4449,24,1
4450,111,1
4451,109,1
4452,200,0
4453,89,1
4454,199,1
4455,102,0
4456,34,0
4457,117,1
4458,145,1
4459,144,1
4460,32,1
4461,200,0
4462,200,0
4463,117,1
4464,200,0
4465,200,0
4466,64,1
4467,67,1
4468,103,1
4469,44,1
4470,36,1
4471,38,1
4472,96,1
4473,79,1
4474,43,1
4475,85,1
4476,166,1
4477,82,1
4478,63,0
4479,37,1
4480,135,1
4481,98,1
4482,146,1
4483,134,1
4484,58,1
4485,200,0
4486,139,1
4487,70,0
4488,200,0
4489,200,0
4490,48,1
4491,108,1
4492,177,1
4493,129,1
4494,66,1
4495,136,1
4496,175,1
4497,152,1
4498,79,1
4499,112,1
4500,50,1
4501,110,1
4502,125,1
4503,113,1
4504,41,1
4505,115,1
4506,74,1
4507,118,0
4508,66,1
4509,60,1
4510,200,0
4511,53,1
4512,112,1
4513,112,1
4514,35,1
4515,104,1
4516,200,0
4517,59,1
4518,85,1
4519,17,0
4520,200,0
4521,200,0
4522,117,1
4523,103,1
4524,62,1
4525,88,1
4526,96,1
4527,197,1
4528,89,1
4529,43,1
4530,58,1
4531,90,1
4532,82,1
4533,92,1
4534,122,1
4535,155,1
4536,133,1
4537,47,1
4538,76,1
4539,87,1
4540,66,1
4541,107,1
4542,139,1
4543,50,1
4544,28,1
4545,84,1
4546,71,1
4547,117,1
4548,67,1
4549,90,0
4550,200,0
4551,99,1
4552,81,1
4553,200,0
4554,45,1
4555,83,1
4556,67,1
4557,200,0
4558,70,1
4559,61,1
4560,95,1
4561,82,1
4562,152,0
4563,87,1
4564,57,1
4565,132,1
4566,141,1
4567,86,1
4568,62,1
4569,132,1
4570,129,1
4571,85,1
4572,67,0
4573,47,1
4574,172,1
4575,125,1
4576,88,1
4577,200,0
4578,84,1
4579,61,0
4580,52,1
4581,112,1
4582,200,0
4583,195,1
4584,40,0
4585,116,1
4586,56,1
4587,130,0
4588,57,1
4589,67,1
4590,132,1
4591,43,1
4592,86,1
4593,29,1
4594,101,1
4595,47,1
4596,141,1
4597,68,1
4598,54,0
4599,130,1
4600,67,0
4601,148,1
4602,67,1
4603,200,0
4604,63,1
4605,156,1
4606,41,1
4607,31,1
4608,57,1
4609,41,1
4610,33,1
4611,79,1
4612,55,1
4613,177,1
4614,99,1
4615,200,0
4616,200,0
4617,103,1
4618,58,1
4619,117,1
4620,100,1
4621,198,1
4622,69,1
4623,47,1
4624,94,1
4625,76,1
4626,53,1
4627,41,1
4628,53,1
4629,39,1
4630,200,0
4631,165,1
4632,39,1
4633,37,1
4634,66,1
4635,101,1
4636,138,0
4637,151,1
4638,61,1
4639,113,1
4640,82,1
4641,168,1
4642,70,1
4643,137,1
4644,164,1
4645,55,1
4646,97,1
4647,127,0
4648,59,1
4649,137,1
4650,104,1
4651,47,1
4652,125,1
4653,105,1
4654,98,1
4655,57,1
4656,58,1
4657,124,1
4658,72,1
4659,200,0
4660,110,1
4661,102,1
4662,61,0
4663,108,1
4664,187,1
4665,40,1
4666,127,1
4667,42,1
4668,30,1
4669,85,1
4670,82,1
4671,53,1
4672,84,1
4673,103,1
4674,70,1
4675,44,1
4676,115,1
4677,89,1
4678,57,0
4679,48,1
4680,77,1
4681,104,1
4682,111,1
4683,44,1
4684,41,1
4685,40,1
4686,200,0
4687,107,0
4688,59,0
4689,85,1
4690,200,0
4691,188,1
4692,125,1
4693,142,1
4694,97,1
4695,92,1
4696,145,0
4697,112,1
4698,40,1
4699,131,1
4700,64,1
4701,20,1
4702,68,1
4703,86,1
4704,44,0
4705,33,0
4706,98,1
4707,49,0
4708,56,1
4709,144,1
4710,68,1
4711,80,1
4712,200,0
4713,58,1
4714,75,1
4715,65,1
4716,90,1
4717,78,1
4718,81,1
4719,101,1
4720,200,0
4721,47,1
4722,56,1
4723,82,1
4724,145,1
4725,165,1
4726,112,1
4727,154,1
4728,157,1
4729,37,1
4730,106,1
4731,82,1
4732,55,1
4733,117,1
4734,103,1
4735,104,1
4736,103,1
4737,46,1
4738,53,0
4739,181,1
4740,92,1
4741,67,1
4742,65,1
4743,78,1
4744,55,1
4745,200,0
4746,85,1
4747,87,1
4748,76,1
4749,52,1
4750,113,1
4751,65,1
4752,78,1
4753,57,1
4754,73,1
4755,87,1
4756,142,0
4757,43,1
4758,65,1
4759,65,1
4760,91,1
4761,58,1
4762,200,0
4763,116,1
4764,150,1
4765,154,1
4766,200,0
4767,34,0
4768,85,1
4769,110,1
4770,41,0
4771,200,0
4772,111,1
4773,148,1
4774,143,1
4775,113,1
4776,76,1
4777,51,1
4778,94,1
4779,76,1
4780,156,1
4781,25,1
4782,18,1
4783,140,1
4784,200,0
4785,61,1
4786,100,1
4787,64,1
4788,149,1
4789,200,0
4790,200,0
4791,63,1
4792,39,1
4793,50,1
4794,93,0
4795,62,1
4796,104,1
4797,38,1
4798,72,1
4799,74,1
4800,102,1
4801,157,1
4802,153,1
4803,110,1
4804,78,0
4805,75,1
4806,24,1
4807,55,1
4808,59,1
4809,38,1
4810,80,1
4811,182,1
4812,102,1
4813,62,1
4814,147,1
4815,126,1
4816,108,1
4817,194,1
4818,72,1
4819,71,1
4820,108,1
4821,131,1
4822,153,1
4823,94,1
4824,93,1
4825,99,1
4826,82,1
4827,28,1
4828,64,1
4829,103,1
4830,89,1
4831,43,1
4832,61,1
4833,52,1
4834,80,1
4835,77,1
4836,113,1
4837,200,0
4838,100,1
4839,200,0
4840,62,1
4841,59,1
4842,64,1
4843,40,1
4844,58,1
4845,65,1
4846,97,1
4847,53,1
4848,70,1
4849,38,1
4850,43,1
4851,86,1
4852,130,1
4853,34,1
4854,34,1
4855,32,1
4856,26,1
4857,36,1
4858,98,1
4859,105,1
4860,77,1
4861,105,1
4862,52,1
4863,101,1
4864,53,1
4865,128,1
4866,27,1
4867,86,0
4868,36,1
4869,62,1
4870,106,1
4871,120,1
4872,31,1
4873,133,1
4874,114,1
4875,198,1
4876,49,1
4877,61,1
4878,178,1
4879,79,1
4880,52,0
4881,95,1
4882,103,1
4883,47,1
4884,200,0
4885,51,1
4886,51,1
4887,200,0
4888,101,1
4889,107,1
4890,38,1
4891,79,1
4892,144,1
4893,30,1
4894,92,1
4895,60,1
4896,167,1
4897,73,1
4898,200,0
4899,85,1
4900,57,1
4901,61,1
4902,200,0
4903,134,1
4904,146,1
4905,168,1
4906,43,1
4907,41,1
4908,109,1
4909,81,1
4910,86,1
4911,184,1
4912,40,1
4913,132,0
4914,107,1
4915,73,0
4916,173,1
4917,120,1
4918,82,1
4919,71,1
4920,73,1
4921,109,1
4922,47,0
4923,120,1
4924,177,1
4925,69,1
4926,59,1
4927,49,1
4928,42,1
4929,114,1
4930,200,0
4931,58,1
4932,98,1
4933,95,1
4934,52,1
4935,124,1
4936,32,1
4937,169,1
4938,90,1
4939,85,1
4940,78,1
4941,176,1
4942,170,1
4943,140,1
4944,200,0
4945,109,0
4946,200,0
4947,105,1
4948,69,1
4949,71,0
4950,61,1
4951,56,1
4952,111,1
4953,128,1
4954,182,1
4955,55,1
4956,197,1
4957,63,1
4958,79,1
4959,158,1
4960,162,1
4961,68,1
4962,81,1
4963,195,1
4964,56,1
4965,55,1
4966,129,1
4967,66,1
4968,45,1
4969,56,1
4970,88,1
4971,146,1
4972,91,1
4973,74,1
4974,64,1
4975,43,1
4976,200,0
4977,44,1
4978,46,1
4979,200,0
4980,77,1
4981,55,0
4982,132,1
4983,149,1
4984,13,0
4985,126,1
4986,53,1
4987,98,1
4988,128,1
4989,200,0
4990,36,0
4991,32,0
4992,153,1
4993,37,1
4994,71,1
4995,61,1
4996,99,1
4997,73,1
4998,141,1
4999,96,1
5000,57,1
5001,149,1
5002,45,1
5003,83,1
5004,67,1
5005,49,1
5006,107,0
5007,200,0
5008,200,0
5009,162,1
5010,200,0
5011,158,1
5012,164,1
5013,91,1
5014,93,1
5015,119,1
5016,46,1
5017,200,0
5018,81,1
5019,200,0
5020,86,1
5021,70,1
5022,103,1
5023,180,0
5024,200,0
5025,60,1
5026,78,1
5027,200,0
5028,53,1
5029,142,1
5030,117,1
5031,50,1
5032,108,1
5033,98,1
5034,200,0
5035,200,0
5036,85,1
5037,31,1
5038,65,1
5039,63,0
5040,157,1
5041,200,0
5042,113,1
5043,125,1
5044,69,1
5045,87,1
5046,98,1
5047,49,0
5048,52,1
5049,113,1
5050,92,1
5051,151,0
5052,178,1
5053,95,1
5054,200,0
5055,60,1
5056,106,1
5057,48,1
5058,82,1
5059,140,1
5060,123,1
5061,71,1
5062,83,1
5063,130,1
5064,42,0
5065,77,1
5066,71,1
5067,98,1
5068,200,0
5069,60,1
5070,67,1
5071,56,1
5072,194,1
5073,101,1
5074,154,1
5075,92,1
5076,45,1
5077,117,1
5078,88,1
5079,168,1
5080,109,1
5081,54,1
5082,37,1
5083,167,1
5084,48,1
5085,172,1
5086,104,0
5087,76,1
5088,59,1
5089,74,1
5090,61,1
5091,55,1
5092,67,1
5093,116,1
5094,93,1
5095,87,1
5096,63,1
5097,98,1
5098,111,1
5099,89,1
5100,61,1
5101,80,1
5102,198,1
5103,90,1
5104,137,1
5105,90,1
5106,48,1
5107,51,1
5108,192,1
5109,89,1
5110,139,1
5111,18,1
5112,180,1
5113,38,1
5114,111,1
5115,46,1
5116,25,1
5117,167,0
5118,59,1
5119,121,1
5120,74,1
5121,145,1
5122,135,0
5123,99,1
5124,200,0
5125,97,1
5126,39,1
5127,113,1
5128,99,1
5129,81,1
5130,37,1
5131,33,1
5132,44,1
5133,74,0
5134,37,1
5135,67,1
5136,83,1
5137,52,1
5138,41,1
5139,154,1
5140,80,1
5141,98,1
5142,167,1
5143,180,1
5144,132,1
5145,94,1
5146,36,0
5147,32,1
5148,104,1
5149,82,1
5150,43,1
5151,70,1
5152,92,1
5153,79,1
5154,61,1
5155,44,0
5156,42,1
5157,147,1
5158,200,0
5159,46,1
5160,151,1
5161,38,1
5162,192,1
5163,31,1
5164,44,1
5165,200,0
5166,88,1
5167,71,1
5168,200,0
5169,60,0
5170,96,1
5171,105,1
5172,103,1
5173,92,1
5174,77,1
5175,111,1
5176,41,0
5177,56,1
5178,147,1
5179,177,1
5180,198,0
5181,95,1
5182,122,1
5183,87,1
5184,156,1
5185,35,1
5186,200,1
5187,57,1
5188,101,1
5189,107,1
5190,64,1
5191,47,1
5192,92,1
5193,180,1
5194,35,0
5195,49,1
5196,89,1
5197,77,1
5198,37,1
5199,143,1
5200,132,0
5201,128,0
5202,166,1
5203,61,1
5204,200,0
5205,92,1
5206,69,1
5207,36,1
5208,137,1
5209,32,1
5210,72,1
5211,42,1
5212,34,1
5213,167,1
5214,49,1
5215,123,1
5216,65,1
5217,200,0
5218,188,1
5219,66,1
5220,76,1
5221,85,1
5222,78,1
5223,175,1
5224,44,1
5225,139,1
5226,54,1
5227,82,1
5228,30,0
5229,92,1
5230,38,1
5231,191,0
5232,131,1
5233,106,1
5234,160,1
5235,195,1
5236,136,1
5237,70,1
5238,41,1
5239,71,1
5240,27,1
5241,57,0
5242,74,1
5243,104,1
5244,36,1
5245,160,0
5246,62,1
5247,60,1
5248,138,1
5249,34,1
5250,88,0
5251,200,0
5252,97,1
5253,91,1
5254,44,1
5255,67,1
5256,57,1
5257,52,1
5258,87,1
5259,115,1
5260,56,0
5261,59,1
5262,119,1
5263,136,1
5264,61,1
5265,74,1
5266,41,1
5267,172,1
5268,62,1
5269,185,1
5270,40,1
5271,200,0
5272,130,1
5273,126,1
5274,83,1
5275,61,1
5276,56,1
5277,200,0
5278,47,1
5279,89,1
5280,76,1
5281,97,1
5282,107,1
5283,60,1
5284,200,0
5285,120,1
5286,97,1
5287,53,1
5288,119,1
5289,85,0
5290,36,1
5291,48,1
5292,200,0
5293,38,1
5294,139,1
5295,73,1
5296,57,1
5297,156,1
5298,84,1
5299,36,1
5300,36,1
5301,91,1
5302,181,1
5303,68,1
5304,158,1
5305,46,1
5306,160,1
5307,36,1
5308,84,1
5309,98,1
5310,104,1
5311,109,1
5312,148,1
5313,67,1
5314,93,1
5315,65,1
5316,50,1
5317,176,1
5318,130,1
5319,101,1
5320,74,1
5321,128,1
5322,85,1
5323,72,1
5324,54,1
5325,99,0
5326,65,1
5327,82,1
5328,87,1
5329,70,1
5330,165,1
5331,92,1
5332,47,1
5333,200,0
5334,45,1
5335,179,1
5336,81,1
5337,143,1
5338,200,0
5339,200,0
5340,42,1
5341,69,1
5342,27,1
5343,109,1
5344,102,1
5345,53,1
5346,168,1
5347,31,1
5348,69,1
5349,64,1
5350,35,0
5351,67,1
5352,200,0
5353,68,1
5354,169,1
5355,54,1
5356,158,1
5357,109,1
5358,90,0
5359,94,1
5360,84,1
5361,173,1
5362,48,1
5363,200,1
5364,120,1
5365,108,1
5366,71,1
5367,153,0
5368,130,1
5369,85,1
5370,138,1
5371,63,1
5372,103,1
5373,31,0
5374,149,1
5375,79,1
5376,162,1
5377,71,1
5378,57,1
5379,115,1
5380,116,1
5381,49,1
5382,100,1
5383,94,0
5384,48,1
5385,90,1
5386,163,1
5387,45,1
5388,81,1
5389,45,1
5390,200,0
5391,90,1
5392,82,1
5393,47,1
5394,66,1
5395,34,0
5396,63,1
5397,30,0
5398,194,1
5399,109,1
5400,82,1
5401,50,1
5402,51,1
5403,77,1
5404,92,1
5405,200,0
5406,62,1
5407,108,1
5408,97,1
5409,139,1
5410,98,1
5411,119,1
5412,29,1
5413,66,1
5414,56,1
5415,51,1
5416,78,1
5417,72,1
5418,38,1
5419,65,1
5420,65,0
5421,138,1
5422,165,1
5423,38,1
5424,33,0
5425,106,1
5426,60,1
5427,99,1
5428,66,1
5429,200,0
5430,41,1
5431,61,1
5432,150,1
5433,62,0
5434,60,1
5435,157,1
5436,92,1
5437,126,1
5438,57,1
5439,86,1
5440,46,1
5441,160,1
5442,122,1
5443,66,1
5444,127,1
5445,47,1
5446,143,1
5447,83,1
5448,103,1
5449,58,1
5450,178,1
5451,111,1
5452,92,1
5453,62,1
5454,51,0
5455,90,0
5456,144,1
5457,148,1
5458,37,0
5459,195,1
5460,119,1
5461,97,1
5462,64,1
5463,42,1
5464,73,1
5465,120,1
5466,50,1
5467,63,1
5468,82,1
5469,101,1
5470,28,1
5471,44,1
5472,42,1
5473,67,1
5474,41,0
5475,138,1
5476,200,0
5477,26,1
5478,129,1
5479,64,1
5480,130,1
5481,33,1
5482,116,1
5483,107,1
5484,45,1
5485,62,1
5486,44,1
5487,62,1
5488,48,1
5489,54,1
5490,66,1
5491,158,1
5492,127,1
5493,98,1
5494,107,1
5495,82,1
5496,122,1
5497,42,1
5498,158,1
5499,56,0
5500,117,1
5501,81,1
5502,127,1
5503,62,1
5504,33,1
5505,133,1
5506,98,1
5507,200,0
5508,90,1
5509,75,1
5510,59,1
5511,70,1
5512,112,1
5513,43,1
5514,162,1
5515,47,1
5516,200,0
5517,34,0
5518,56,1
5519,99,1
5520,132,0
5521,47,1
5522,200,0
5523,44,1
5524,117,1
5525,81,1
5526,200,0
5527,155,1
5528,200,0
5529,33,1
5530,71,1
5531,78,1
5532,125,1
5533,111,1
5534,61,1
5535,53,0
5536,29,1
5537,60,1
5538,67,1
5539,155,1
5540,125,1
5541,130,1
5542,135,1
5543,37,1
5544,121,1
5545,143,1
5546,98,1
5547,120,1
5548,45,1
5549,70,1
5550,150,1
5551,114,1
5552,62,1
5553,127,1
5554,81,1
5555,44,1
5556,103,1
5557,62,1
5558,113,1
5559,150,1
5560,103,1
5561,152,1
5562,73,1
5563,69,1
5564,98,1
5565,63,1
5566,149,1
5567,143,1
5568,80,1
5569,82,1
5570,46,0
5571,67,1
5572,79,1
5573,122,1
5574,121,1
5575,57,1
5576,50,1
5577,34,1
5578,166,1
5579,56,1
5580,52,1
5581,200,0
5582,66,1
5583,100,1
5584,78,1
5585,136,1
5586,57,1
5587,162,1
5588,40,1
5589,48,1
5590,154,0
5591,84,1
5592,39,1
5593,160,1
5594,35,1
5595,55,1
5596,154,0
5597,46,1
5598,45,1
5599,103,1
5600,58,1
5601,133,1
5602,136,1
5603,137,1
5604,79,1
5605,40,0
5606,181,1
5607,67,1
5608,51,1
5609,83,1
5610,40,1
5611,128,1
5612,28,1
5613,106,1
5614,84,1
5615,52,1
5616,200,0
5617,110,1
5618,200,0
5619,20,0
5620,135,1
5621,92,1
5622,84,1
5623,138,1
5624,25,0
5625,28,1
5626,107,1
5627,70,1
5628,65,1
5629,54,1
5630,78,1
5631,93,0
5632,30,1
5633,105,1
5634,117,1
5635,30,1
5636,107,1
5637,49,1
5638,54,1
5639,110,1
5640,61,0
5641,99,1
5642,55,1
5643,44,1
5644,49,1
5645,104,1
5646,115,1
5647,60,1
5648,133,1
5649,37,1
5650,112,1
5651,200,0
5652,200,0
5653,106,1
5654,61,1
5655,200,0
5656,107,1
5657,70,1
5658,73,1
5659,111,1
5660,197,0
5661,89,1
5662,75,1
5663,197,1
5664,80,1
5665,72,1
5666,33,1
5667,129,1
5668,165,1
5669,33,1
5670,53,1
5671,58,1
5672,48,1
5673,55,1
5674,95,1
5675,156,1
5676,63,1
5677,166,1
5678,96,1
5679,41,0
5680,25,1
5681,90,1
5682,76,1
5683,92,1
5684,67,1
5685,76,1
5686,84,1
5687,140,1
5688,93,1
5689,160,1
5690,90,1
5691,200,0
5692,41,1
5693,129,0
5694,45,1
5695,200,0
5696,142,1
5697,46,1
5698,200,0
5699,87,0
5700,75,1
5701,113,1
5702,85,1
5703,135,1
5704,61,1
5705,74,1
5706,52,1
5707,50,1
5708,74,0
5709,47,1
5710,68,1
5711,82,1
5712,95,1
5713,33,1
5714,128,1
5715,49,1
5716,98,1
5717,191,1
5718,38,0
5719,108,1
5720,36,1
5721,67,1
5722,85,1
5723,68,1
5724,67,0
5725,124,1
5726,77,1
5727,180,1
5728,105,1
5729,109,1
5730,140,1
5731,60,1
5732,48,1
5733,200,0
5734,93,1
5735,65,0
5736,175,1
5737,129,1
5738,195,1
5739,64,0
5740,64,1
5741,79,1
5742,116,1
5743,66,1
5744,89,1
5745,68,1
5746,58,1
5747,60,1
5748,85,0
5749,36,1
5750,107,1
5751,87,1
5752,157,1
5753,52,1
5754,57,1
5755,99,1
5756,70,1
5757,133,0
5758,49,1
5759,83,1
5760,182,1
5761,117,1
5762,191,1
5763,117,1
5764,146,1
5765,200,0
5766,21,1
5767,31,1
5768,35,1
5769,69,0
5770,111,1
5771,78,1
5772,200,0
5773,145,1
5774,101,1
5775,54,1
5776,76,1
5777,96,1
5778,36,1
5779,166,1
5780,173,1
5781,156,1
5782,23,1
5783,57,0
5784,82,1
5785,64,1
5786,200,0
5787,83,1
5788,51,1
5789,30,1
5790,95,1
5791,34,0
5792,62,1
5793,114,1
5794,138,1
5795,58,0
5796,127,1
5797,90,1
5798,71,0
5799,78,1
5800,200,0
5801,200,0
5802,74,1
5803,67,1
5804,142,1
5805,59,1
5806,56,1
5807,105,1
5808,67,1
5809,157,1
5810,96,1
5811,200,0
5812,142,1
5813,200,0
5814,99,1
5815,88,1
5816,146,1
5817,54,1
5818,107,1
5819,99,1
5820,200,0
5821,108,1
5822,200,0
5823,44,1
5824,200,0
5825,101,1
5826,72,1
5827,81,1
5828,70,1
5829,80,1
5830,142,1
5831,59,1
5832,144,1
5833,200,0
5834,75,0
5835,102,1
5836,78,1
5837,81,0
5838,87,1
5839,58,0
5840,81,1
5841,48,1
5842,153,1
5843,144,1
5844,77,1
5845,124,1
5846,45,1
5847,104,1
5848,179,1
5849,185,1
5850,57,1
5851,127,0
5852,74,1
5853,43,1
5854,37,0
5855,147,1
5856,148,1
5857,74,1
5858,184,1
5859,196,1
5860,138,1
5861,70,1
5862,51,1
5863,73,1
5864,72,1
5865,35,1
5866,44,0
5867,37,1
5868,82,1
5869,200,0
5870,38,1
5871,62,1
5872,63,1
5873,86,1
5874,200,0
5875,49,0
5876,74,1
5877,96,1
5878,99,1
5879,49,0
5880,151,1
5881,162,1
5882,200,0
5883,170,1
5884,65,1
5885,74,1
5886,108,1
5887,92,1
5888,42,1
5889,200,0
5890,26,1
5891,45,1
5892,66,1
5893,118,1
5894,159,1
5895,44,1
5896,93,1
5897,115,1
5898,113,1
5899,104,1
5900,70,1
5901,127,1
5902,200,0
5903,107,1
5904,28,1
5905,200,0
5906,81,1
5907,72,1
5908,124,1
5909,148,0
5910,99,1
5911,176,1
5912,42,1
5913,77,1
5914,67,1
5915,76,1
5916,54,1
5917,48,1
5918,154,1
5919,50,1
5920,76,1
5921,155,0
5922,200,0
5923,75,1
5924,86,1
5925,102,1
5926,45,1
5927,106,1
5928,115,1
5929,32,1
5930,89,1
5931,134,1
5932,91,1
5933,153,1
5934,80,1
5935,30,0
5936,142,1
5937,43,1
5938,40,1
5939,39,1
5940,40,1
5941,137,1
5942,53,1
5943,179,1
5944,119,1
5945,100,0
5946,89,1
5947,81,1
5948,82,1
5949,71,1
5950,77,1
5951,71,1
5952,137,1
5953,102,1
5954,123,1
5955,58,0
5956,58,1
5957,56,1
5958,101,1
5959,107,1
5960,136,1
5961,140,1
5962,200,0
5963,170,1
5964,186,1
5965,84,1
5966,85,1
5967,200,0
5968,94,1
5969,172,1
5970,50,1
5971,59,1
5972,61,1
5973,47,1
5974,194,1
5975,200,0
5976,71,1
5977,200,0
5978,76,1
5979,179,1
5980,40,1
5981,74,1
5982,102,1
5983,58,1
5984,170,1
5985,92,1
5986,111,0
5987,26,1
5988,55,0
5989,125,0
5990,167,1
5991,73,1
5992,42,1
5993,161,1
5994,117,1
5995,84,1
5996,132,1
5997,200,0
5998,81,1
5999,113,1
6000,61,1
6001,53,1
6002,20,1
6003,46,0
6004,45,1
6005,59,1
6006,200,0
6007,57,1
6008,135,1
6009,153,1
6010,42,1
6011,100,1
6012,200,0
6013,74,1
6014,74,1
6015,38,1
6016,138,1
6017,200,0
6018,35,1
6019,134,1
6020,200,0
6021,60,1
6022,102,1
6023,32,0
6024,105,1
6025,90,1
6026,56,1
6027,39,1
6028,41,1
6029,107,1
6030,98,1
6031,106,1
6032,118,1
6033,48,1
6034,87,0
6035,88,1
6036,148,1
6037,96,0
6038,200,0
6039,81,1
6040,52,1
6041,120,0
6042,147,1
6043,157,1
6044,60,1
6045,137,1
6046,74,1
6047,117,0
6048,61,1
6049,68,1
6050,112,1
6051,149,1
6052,150,1
6053,54,1
6054,75,1
6055,37,1
6056,200,0
6057,88,1
6058,70,1
6059,147,0
6060,52,1
6061,128,1
6062,200,0
6063,144,1
6064,176,1
6065,42,1
6066,61,1
6067,200,0
6068,93,1
6069,82,1
6070,31,0
6071,108,1
6072,78,1
6073,64,1
6074,143,1
6075,102,1
6076,87,1
6077,62,1
6078,134,1
6079,86,1
6080,107,1
6081,70,1
6082,77,1
6083,96,1
6084,40,1
6085,142,1
6086,104,1
6087,49,1
6088,106,1
6089,131,1
6090,134,1
6091,40,1
6092,52,1
6093,76,1
6094,67,1
6095,102,1
6096,131,1
6097,84,1
6098,127,1
6099,200,0
6100,71,1
6101,190,1
6102,32,1
6103,86,1
6104,63,1
6105,40,1
6106,65,1
6107,138,1
6108,31,1
6109,84,1
6110,87,1
6111,49,1
6112,101,1
6113,63,1
6114,90,1
6115,39,0
6116,66,1
6117,123,1
6118,131,1
6119,200,0
6120,38,1
6121,36,1
6122,141,1
6123,88,1
6124,50,1
6125,37,1
6126,51,1
6127,166,1
6128,153,1
6129,75,1
6130,137,1
6131,200,0
6132,97,1
6133,68,1
6134,86,1
6135,87,1
6136,97,1
6137,65,1
6138,32,1
6139,89,1
6140,92,1
6141,53,1
6142,74,1
6143,32,1
6144,194,0
6145,96,1
6146,200,0
6147,200,0
6148,68,1
6149,66,1
6150,111,1
6151,114,1
6152,55,1
6153,46,1
6154,109,1
6155,58,1
6156,43,1
6157,69,1
6158,86,0
6159,33,1
6160,38,1
6161,98,0
6162,60,1
6163,110,1
6164,107,1
6165,83,1
6166,200,0
6167,98,1
6168,124,1
6169,66,1
6170,82,1
6171,117,1
6172,200,0
6173,71,1
6174,200,0
6175,68,1
6176,44,1
6177,89,1
6178,153,1
6179,200,0
6180,47,1
6181,200,0
6182,160,1
6183,56,1
6184,62,1
6185,185,1
6186,71,1
6187,93,1
6188,83,1
6189,14,0
6190,40,1
6191,39,1
6192,28,1
6193,46,1
6194,91,1
6195,111,1
6196,65,1
6197,158,1
6198,76,1
6199,151,1
6200,64,1
6201,41,1
6202,45,1
6203,49,1
6204,78,1
6205,79,1
6206,151,1
6207,84,1
6208,159,1
6209,77,1
6210,104,1
6211,100,1
6212,132,1
6213,93,1
6214,164,1
6215,131,1
6216,45,1
6217,88,1
6218,92,1
6219,90,1
6220,40,1
6221,98,1
6222,74,1
6223,84,1
6224,91,1
6225,119,1
6226,36,1
6227,141,1
6228,36,1
6229,87,1
6230,69,1
6231,73,1
6232,94,0
6233,61,1
6234,101,1
6235,191,1
6236,175,1
6237,69,1
6238,40,1
6239,49,1
6240,134,1
6241,58,1
6242,73,0
6243,97,1
6244,101,1
6245,52,1
6246,65,1
6247,46,1
6248,90,1
6249,83,1
6250,104,1
6251,47,1
6252,114,1
6253,30,1
6254,59,1
6255,30,1
6256,96,1
6257,95,1
6258,117,1
6259,63,1
6260,129,1
6261,44,1
6262,72,1
6263,58,1
6264,108,1
6265,107,1
6266,79,1
6267,184,1
6268,149,1
6269,39,1
6270,97,1
6271,72,1
6272,100,1
6273,38,1
6274,73,1
6275,42,1
6276,37,1
6277,134,1
6278,140,0
6279,114,1
6280,19,1
6281,56,1
6282,33,1
6283,197,1
6284,57,1
6285,82,1
6286,69,1
6287,95,1
6288,42,1
6289,54,1
6290,30,1
6291,57,1
6292,91,1
6293,41,1
6294,41,1
6295,48,1
6296,40,1
6297,71,1
6298,83,1
6299,38,1
6300,56,1
6301,44,1
6302,81,1
6303,33,1
6304,122,1
6305,103,1
6306,25,1
6307,73,1
6308,86,1
6309,169,1
6310,129,1
6311,86,0
6312,63,0
6313,88,0
6314,32,0
6315,89,1
6316,34,1
6317,30,1
6318,31,1
6319,78,1
6320,200,0
6321,30,1
6322,200,0
6323,123,1
6324,58,1
6325,100,1
6326,135,1
6327,122,1
6328,158,1
6329,63,1
6330,145,1
6331,200,0
6332,112,1
6333,69,1
6334,75,1
6335,104,1
6336,76,1
6337,62,1
6338,86,1
6339,67,0
6340,85,1
6341,49,1
6342,143,1
6343,99,1
6344,53,1
6345,92,0
6346,44,1
6347,60,1
6348,87,1
6349,73,1
6350,76,0
6351,109,1
6352,200,0
6353,31,1
6354,97,1
6355,81,1
6356,62,1
6357,55,1
6358,164,1
6359,160,1
6360,200,1
6361,141,1
6362,25,0
6363,63,1
6364,200,0
6365,81,1
6366,38,1
6367,155,1
6368,71,1
6369,45,1
6370,162,1
6371,57,1
6372,114,1
6373,88,1
6374,116,1
6375,46,1
6376,72,1
6377,45,1
6378,172,1
6379,100,1
6380,190,1
6381,122,1
6382,66,1
6383,35,1
6384,127,1
6385,54,1
6386,146,1
6387,58,1
6388,119,1
6389,64,1
6390,87,1
6391,36,0
6392,71,1
6393,200,0
6394,33,1
6395,115,1
6396,70,1
6397,108,1
6398,75,1
6399,200,0
6400,74,1
6401,72,1
6402,185,1
6403,100,1
6404,166,1
6405,150,1
6406,82,1
6407,114,1
6408,73,1
6409,127,1
6410,169,1
6411,62,1
6412,92,1
6413,62,1
6414,30,1
6415,131,1
6416,41,1
6417,63,1
6418,135,1
6419,111,1
6420,81,1
6421,172,0
6422,103,1
6423,40,1
6424,155,1
6425,124,1
6426,106,1
6427,133,1
6428,132,1
6429,95,0
6430,64,1
6431,138,1
6432,73,1
6433,118,1
6434,50,1
6435,93,0
6436,68,1
6437,200,1
6438,62,1
6439,178,1
6440,143,0
6441,58,1
6442,94,1
6443,66,1
6444,69,1
6445,129,1
6446,200,0
6447,91,1
6448,108,1
6449,63,1
6450,60,0
6451,145,1
6452,152,1
6453,131,1
6454,101,1
6455,44,1
6456,81,1
6457,55,1
6458,200,0
6459,90,0
6460,153,1
6461,136,1
6462,82,1
6463,110,1
6464,59,0
6465,76,1
6466,100,1
6467,41,1
6468,95,1
6469,150,1
6470,55,0
6471,169,0
6472,122,0
6473,149,1
6474,55,1
6475,165,1
6476,55,1
6477,62,1
6478,42,1
6479,76,1
6480,36,1
6481,82,1
6482,130,1
6483,51,1
6484,108,1
6485,69,1
6486,90,1
6487,81,1
6488,53,1
6489,76,1
6490,61,0
6491,78,1
6492,59,1
6493,143,1
6494,82,1
6495,115,1
6496,150,1
6497,126,1
6498,106,1
6499,200,0
6500,160,1
6501,32,1
6502,12,0
6503,110,0
6504,160,1
6505,62,1
6506,74,1
6507,69,1
6508,77,1
6509,45,1
6510,38,1
6511,78,0
6512,48,1
6513,35,1
6514,139,1
6515,111,1
6516,43,1
6517,82,1
6518,95,1
6519,146,1
6520,104,1
6521,92,1
6522,142,1
6523,96,1
6524,51,1
6525,98,1
6526,94,1
6527,25,1
6528,54,1
6529,39,1
6530,27,0
6531,154,1
6532,60,1
6533,200,0
6534,159,1
6535,110,1
6536,53,1
6537,131,1
6538,141,1
6539,106,1
6540,87,1
6541,200,0
6542,84,1
6543,47,0
6544,32,1
6545,93,1
6546,178,1
6547,51,1
6548,78,1
6549,32,1
6550,158,1
6551,65,1
6552,152,1
6553,124,1
6554,200,0
6555,95,1
6556,47,1
6557,44,1
6558,70,0
6559,129,1
6560,67,1
6561,167,0
6562,121,1
6563,200,0
6564,74,1
6565,72,1
6566,83,1
6567,95,1
6568,47,1
6569,200,0
6570,72,1
6571,41,1
6572,90,1
6573,200,0
6574,200,0
6575,200,0
6576,65,1
6577,91,1
6578,104,1
6579,145,1
6580,109,1
6581,70,1
6582,200,0
6583,139,1
6584,55,1
6585,44,1
6586,200,0
6587,82,1
6588,146,1
6589,28,1
6590,200,0
6591,99,1
6592,144,1
6593,64,1
6594,84,1
6595,47,1
6596,104,0
6597,162,1
6598,42,1
6599,100,1
6600,110,1
6601,56,1
6602,51,0
6603,49,1
6604,73,1
6605,200,0
6606,43,1
6607,89,1
6608,109,1
6609,36,1
6610,118,1
6611,39,1
6612,35,0
6613,156,1
6614,200,0
6615,132,1
6616,158,1
6617,133,1
6618,78,1
6619,96,0
6620,176,1
6621,105,1
6622,63,1
6623,170,1
6624,58,1
6625,84,1
6626,78,1
6627,72,1
6628,23,0
6629,68,1
6630,37,1
6631,73,1
6632,156,1
6633,150,1
6634,66,1
6635,87,1
6636,36,0
6637,52,1
6638,166,1
6639,140,1
6640,200,0
6641,26,1
6642,68,1
6643,107,1
6644,41,1
6645,95,1
6646,200,0
6647,200,0
6648,113,1
6649,53,1
6650,33,1
6651,39,1
6652,73,1
6653,44,1
6654,83,1
6655,122,1
6656,161,1
6657,200,0
6658,161,1
6659,54,0
6660,168,1
6661,26,1
6662,133,1
6663,44,1
6664,69,1
6665,177,1
6666,169,1
6667,185,1
6668,200,0
6669,58,1
6670,142,1
6671,48,1
6672,92,0
6673,59,1
6674,75,1
6675,66,1
6676,142,1
6677,130,1
6678,40,1
6679,107,1
6680,52,1
6681,129,1
6682,85,1
6683,52,1
6684,42,1
6685,88,1
6686,43,1
6687,200,0
6688,27,1
6689,61,1
6690,51,1
6691,165,1
6692,106,1
6693,68,1
6694,51,0
6695,52,1
6696,200,0
6697,88,1
6698,150,1
6699,148,1
6700,51,1
6701,142,1
6702,36,1
6703,85,1
6704,50,1
6705,26,0
6706,78,1
6707,53,1
6708,64,1
6709,100,1
6710,72,1
6711,86,1
6712,98,1
6713,56,0
6714,78,1
6715,101,1
6716,99,1
6717,124,1
6718,70,1
6719,111,1
6720,29,1
6721,57,1
6722,51,1
6723,42,1
6724,58,0
6725,47,1
6726,71,1
6727,114,1
6728,58,1
6729,158,1
6730,99,1
6731,146,1
6732,200,0
6733,116,1
6734,185,1
6735,88,1
6736,101,1
6737,105,1
6738,62,1
6739,63,1
6740,200,0
6741,66,1
6742,47,1
6743,162,1
6744,52,1
6745,110,1
6746,79,1
6747,64,1
6748,65,0
6749,159,1
6750,83,1
6751,142,1
6752,92,0
6753,108,1
6754,93,1
6755,95,1
6756,70,1
6757,76,1
6758,95,1
6759,58,1
6760,51,1
6761,128,1
6762,93,1
6763,68,1
6764,101,1
6765,50,1
6766,37,1
6767,139,1
6768,121,1
6769,99,1
6770,38,1
6771,86,1
6772,66,1
6773,159,0
6774,77,1
6775,71,1
6776,87,1
6777,52,1
6778,58,1
6779,42,1
6780,46,1
6781,96,1
6782,82,1
6783,79,1
6784,40,1
6785,141,1
6786,69,0
6787,46,1
6788,103,1
6789,116,1
6790,102,1
6791,49,1
6792,62,1
6793,30,1
6794,184,1
6795,161,1
6796,53,1
6797,50,1
6798,113,1
6799,15,0
6800,49,1
6801,114,1
6802,188,1
6803,82,1
6804,55,1
6805,62,1
6806,97,0
6807,54,1
6808,68,1
6809,200,0
6810,49,1
6811,40,1
6812,73,0
6813,101,1
6814,60,0
6815,56,1
6816,41,1
6817,196,1
6818,200,0
6819,92,1
6820,73,0
6821,94,1
6822,83,1
6823,43,0
6824,92,1
6825,70,1
6826,52,1
6827,86,1
6828,90,1
6829,96,1
6830,52,1
6831,64,1
6832,92,1
6833,161,1
6834,66,1
6835,68,1
6836,110,1
6837,96,1
6838,110,1
6839,94,0
6840,63,1
6841,82,1
6842,37,1
6843,129,1
6844,17,1
6845,98,1
6846,53,1
6847,100,1
6848,74,1
6849,124,1
6850,123,1
6851,108,1
6852,63,1
6853,49,1
6854,63,1
6855,69,1
6856,102,1
6857,125,1
6858,104,1
6859,78,1
6860,42,1
6861,141,1
6862,200,0
6863,59,1
6864,165,0
6865,78,1
6866,93,1
6867,40,0
6868,145,1
6869,59,1
6870,80,1
6871,67,1
6872,90,1
6873,200,0
6874,66,1
6875,55,1
6876,87,1
6877,33,1
6878,200,0
6879,60,1
6880,97,1
6881,60,1
6882,102,1
6883,191,1
6884,55,1
6885,34,1
6886,101,1
6887,128,1
6888,97,1
6889,110,1
6890,56,1
6891,60,1
6892,117,1
6893,51,0
6894,37,1
6895,98,1
6896,118,0
6897,133,1
6898,43,1
6899,58,1
6900,136,1
6901,159,1
6902,121,1
6903,68,1
6904,46,1
6905,34,1
6906,63,1
6907,55,1
6908,55,0
6909,200,0
6910,64,1
6911,84,1
6912,97,1
6913,68,1
6914,125,1
6915,158,1
6916,96,1
6917,151,1
6918,81,1
6919,108,1
6920,38,1
6921,129,1
6922,112,1
6923,74,0
6924,131,1
6925,129,1
6926,26,1
6927,82,1
6928,67,1
6929,39,1
6930,145,1
6931,80,1
6932,82,1
6933,200,0
6934,75,1
6935,37,1
6936,100,1
6937,70,1
6938,66,1
6939,103,1
6940,32,1
6941,56,1
6942,68,1
6943,23,0
6944,64,1
6945,66,1
6946,98,1
6947,40,1
6948,89,1
6949,63,1
6950,51,0
6951,74,1
6952,106,1
6953,99,1
6954,34,1
6955,132,1
6956,105,1
6957,73,1
6958,107,1
6959,79,1
6960,66,1
6961,57,1
6962,47,1
6963,200,0
6964,69,1
6965,71,1
6966,152,1
6967,56,1
6968,155,1
6969,62,1
6970,24,1
6971,106,1
6972,51,1
6973,74,1
6974,90,1
6975,175,1
6976,36,1
6977,64,1
6978,62,1
6979,147,1
6980,200,0
6981,40,1
6982,88,0
6983,75,1
6984,30,1
6985,75,1
6986,41,1
6987,55,1
6988,86,1
6989,93,1
6990,123,1
6991,36,1
6992,85,1
6993,64,0
6994,53,1
6995,124,1
6996,53,0
6997,116,1
6998,85,1
6999,107,0
7000,56,0
7001,59,1
7002,87,1
7003,38,1
7004,89,0
7005,66,1
7006,89,1
7007,156,1
7008,57,1
7009,67,1
7010,145,1
7011,77,1
7012,60,1
7013,133,1
7014,200,0
7015,94,1
7016,91,1
7017,28,0
7018,81,1
7019,112,1
7020,133,1
7021,86,1
7022,200,0
7023,158,0
7024,41,1
7025,77,1
7026,168,1
7027,73,1
7028,74,1
7029,92,0
7030,39,1
7031,115,1
7032,56,0
7033,95,1
7034,65,1
7035,200,0
7036,36,0
7037,50,1
7038,48,1
7039,57,1
7040,48,1
7041,76,0
7042,74,0
7043,174,1
7044,200,0
7045,178,1
7046,63,1
7047,38,0
7048,111,1
7049,50,1
7050,175,1
7051,149,1
7052,54,1
7053,102,1
7054,75,1
7055,87,1
7056,70,1
7057,56,1
7058,200,0
7059,117,1
7060,176,1
7061,173,1
7062,57,1
7063,175,1
7064,130,1
7065,64,1
7066,80,1
7067,124,0
7068,110,1
7069,196,1
7070,114,1
7071,61,1
7072,61,1
7073,32,1
7074,82,1
7075,200,0
7076,66,1
7077,117,1
7078,88,1
7079,119,1
7080,83,1
7081,123,1
7082,53,1
7083,40,0
7084,62,1
7085,141,0
7086,124,1
7087,49,1
7088,31,1
7089,110,1
7090,115,1
7091,50,1
7092,53,1
7093,42,1
7094,58,0
7095,59,0
7096,200,0
7097,70,0
7098,44,0
7099,109,1
7100,82,1
7101,58,1
7102,106,1
7103,181,1
7104,156,1
7105,154,0
7106,114,1
7107,93,1
7108,102,1
7109,58,1
7110,75,1
7111,106,1
7112,143,1
7113,198,1
7114,145,1
7115,66,1
7116,55,1
7117,136,1
7118,48,1
7119,155,1
7120,97,1
7121,39,0
7122,28,1
7123,55,1
7124,152,1
7125,52,1
7126,109,1
7127,34,1
7128,39,1
7129,152,1
7130,78,1
7131,62,1
7132,74,0
7133,73,0
7134,113,1
7135,80,1
7136,168,1
7137,133,1
7138,62,1
7139,95,1
7140,97,1
7141,51,1
7142,64,1
7143,76,1
7144,200,0
7145,87,1
7146,84,1
7147,61,1
7148,85,0
7149,73,1
7150,65,1
7151,32,1
7152,49,0
7153,73,1
7154,78,0
7155,128,1
7156,200,0
7157,52,1
7158,100,1
7159,95,1
7160,186,1
7161,64,1
7162,105,1
7163,71,1
7164,51,1
7165,93,1
7166,50,1
7167,57,1
7168,73,0
7169,66,1
7170,200,0
7171,177,1
7172,176,1
7173,182,1
7174,85,1
7175,155,1
7176,42,1
7177,125,1
7178,87,1
7179,83,1
7180,60,1
7181,20,1
7182,75,1
7183,195,1
7184,28,1
7185,200,0
7186,104,1
7187,46,1
7188,95,1
7189,113,1
7190,200,0
7191,34,1
7192,187,1
7193,200,0
7194,80,1
7195,131,1
7196,186,1
7197,124,1
7198,134,0
7199,44,1
7200,109,1
7201,54,1
7202,139,1
7203,55,1
7204,74,1
7205,93,1
7206,44,1
7207,71,0
7208,43,1
7209,170,1
7210,58,1
7211,110,1
7212,79,1
7213,143,1
7214,129,1
7215,124,1
7216,143,1
7217,122,1
7218,124,1
7219,48,1
7220,86,1
7221,75,0
7222,74,1
7223,143,1
7224,134,1
7225,71,1
7226,133,1
7227,95,1
7228,105,1
7229,122,0
7230,80,1
7231,200,0
7232,174,1
7233,62,1
7234,43,1
7235,75,1
7236,50,0
7237,53,1
7238,167,1
7239,200,0
7240,85,1
7241,52,1
7242,68,1
7243,104,1
7244,103,0
7245,53,0
7246,200,0
7247,57,1
7248,59,1
7249,200,0
7250,200,0
7251,200,0
7252,36,1
7253,99,0
7254,29,1
7255,120,1
7256,83,1
7257,90,1
7258,59,1
7259,147,1
7260,125,1
7261,46,1
7262,40,1
7263,111,1
7264,120,1
7265,124,1
7266,101,1
7267,47,1
7268,112,1
7269,59,1
7270,129,1
7271,84,0
7272,199,1
7273,152,1
7274,200,0
7275,84,1
7276,58,1
7277,82,1
7278,83,1
7279,129,1
7280,101,0
7281,65,1
7282,44,1
7283,94,1
7284,164,0
7285,143,1
7286,107,1
7287,30,1
7288,57,1
7289,94,1
7290,61,1
7291,77,1
7292,94,1
7293,192,1
7294,85,1
7295,77,1
7296,84,1
7297,35,1
7298,80,1
7299,64,1
7300,140,1
7301,80,1
7302,200,0
7303,51,1
7304,82,1
7305,154,1
7306,92,1
7307,67,1
7308,109,1
7309,102,1
7310,56,1
7311,47,1
7312,81,1
7313,106,1
7314,133,1
7315,69,1
7316,192,1
7317,30,1
7318,119,1
7319,127,1
7320,45,1
7321,80,1
7322,155,1
7323,107,0
7324,26,0
7325,163,0
7326,40,1
7327,86,1
7328,109,1
7329,200,0
7330,133,1
7331,76,1
7332,109,1
7333,200,0
7334,200,0
7335,55,0
7336,94,1
7337,49,1
7338,200,1
7339,108,1
7340,130,0
7341,197,1
7342,200,0
7343,92,1
7344,138,1
7345,92,1
7346,146,1
7347,69,1
7348,103,1
7349,162,1
7350,40,1
7351,200,0
7352,75,1
7353,165,1
7354,123,1
7355,76,1
7356,149,1
7357,60,1
7358,90,1
7359,78,1
7360,93,1
7361,159,1
7362,76,1
7363,67,1
7364,89,1
7365,130,1
7366,44,1
7367,132,1
7368,69,1
7369,76,1
7370,152,0
7371,32,1
7372,131,1
7373,60,1
7374,139,1
7375,120,1
7376,78,1
7377,62,1
7378,200,0
7379,45,1
7380,66,1
7381,59,1
7382,85,1
7383,83,1
7384,63,1
7385,143,1
7386,53,1
7387,39,1
7388,125,1
7389,55,1
7390,96,0
7391,143,1
7392,77,1
7393,151,1
7394,77,1
7395,73,1
7396,200,0
7397,48,1
7398,92,1
7399,79,1
7400,135,1
7401,28,1
7402,92,1
7403,146,1
7404,129,1
7405,200,0
7406,106,0
7407,56,1
7408,142,1
7409,109,1
7410,200,0
7411,76,0
7412,57,1
7413,34,1
7414,79,1
7415,81,1
7416,200,0
7417,93,1
7418,157,1
7419,183,1
7420,83,1
7421,113,1
7422,77,1
7423,128,1
7424,74,1
7425,99,1
7426,122,1
7427,168,1
7428,78,1
7429,40,1
7430,200,0
7431,200,0
7432,99,1
7433,200,0
7434,122,1
7435,121,1
7436,47,1
7437,133,1
7438,110,1
7439,59,1
7440,175,1
7441,60,1
7442,125,1
7443,44,1
7444,95,1
7445,145,1
7446,185,1
7447,71,1
7448,83,0
7449,146,1
7450,35,1
7451,79,0
7452,115,0
7453,200,0
7454,50,1
7455,114,1
7456,93,1
7457,107,1
7458,176,1
7459,44,1
7460,75,1
7461,179,1
7462,141,1
7463,102,1
7464,152,1
7465,103,0
7466,131,1
7467,28,1
7468,64,1
7469,97,1
7470,27,1
7471,47,1
7472,110,1
7473,92,1
7474,106,1
7475,200,0
7476,34,1
7477,135,1
7478,200,0
7479,69,1
7480,71,1
7481,144,1
7482,70,1
7483,24,0
7484,78,1
7485,29,1
7486,124,1
7487,153,1
7488,35,1
7489,48,1
7490,97,1
7491,100,1
7492,38,1
7493,185,1
7494,200,0
7495,86,1
7496,114,0
7497,104,0
7498,31,1
7499,174,1
7500,200,0
7501,127,1
7502,135,1
7503,111,1
7504,200,0
7505,139,1
7506,64,0
7507,89,1
7508,192,1
7509,61,1
7510,102,1
7511,111,1
7512,200,0
7513,200,0
7514,112,1
7515,65,1
7516,99,1
7517,140,0
7518,168,1
7519,86,1
7520,53,1
7521,108,0
7522,102,1
7523,52,1
7524,53,0
7525,77,1
7526,200,0
7527,200,0
7528,39,1
7529,116,1
7530,69,1
7531,140,1
7532,83,1
7533,50,1
7534,200,0
7535,119,1
7536,104,1
7537,145,1
7538,122,1
7539,89,1
7540,73,1
7541,88,1
7542,41,1
7543,79,0
7544,49,1
7545,58,1
7546,80,1
7547,53,1
7548,99,1
7549,39,1
7550,87,1
7551,54,1
7552,25,1
7553,44,1
7554,126,1
7555,153,1
7556,83,1
7557,43,1
7558,111,0
7559,43,1
7560,120,1
7561,97,0
7562,92,1
7563,24,1
7564,70,0
7565,128,0
7566,116,1
7567,71,1
7568,30,1
7569,44,1
7570,147,1
7571,67,0
7572,37,0
7573,173,1
7574,138,1
7575,100,1
7576,90,1
7577,77,1
7578,108,1
7579,49,1
7580,37,1
7581,72,1
7582,112,1
7583,60,1
7584,200,0
7585,124,1
7586,137,1
7587,39,1
7588,124,1
7589,119,1
7590,64,1
7591,120,1
7592,143,1
7593,49,1
7594,75,1
7595,69,1
7596,57,1
7597,52,1
7598,60,1
7599,84,1
7600,200,0
7601,68,1
7602,81,1
7603,134,1
7604,45,1
7605,40,1
7606,76,1
7607,118,1
7608,63,1
7609,81,1
7610,62,1
7611,73,1
7612,55,1
7613,62,1
7614,63,1
7615,50,1
7616,101,1
7617,138,1
7618,89,1
7619,119,1
7620,155,1
7621,73,1
7622,170,1
7623,120,1
7624,200,0
7625,56,1
7626,151,1
7627,85,1
7628,46,1
7629,71,1
7630,84,1
7631,103,1
7632,59,1
7633,83,1
7634,70,1
7635,72,1
7636,57,0
7637,144,1
7638,70,1
7639,68,1
7640,38,0
7641,63,1
7642,36,1
7643,152,1
7644,67,1
7645,178,1
7646,200,0
7647,99,1
7648,46,1
7649,43,1
7650,68,1
7651,30,1
7652,143,1
7653,103,1
7654,200,0
7655,116,1
7656,115,1
7657,97,1
7658,82,1
7659,86,1
7660,67,1
7661,76,1
7662,75,0
7663,132,1
7664,112,1
7665,76,1
7666,30,1
7667,43,1
7668,78,1
7669,34,1
7670,95,1
7671,112,1
7672,193,1
7673,61,1
7674,137,1
7675,169,1
7676,200,0
7677,60,1
7678,155,1
7679,40,1
7680,27,1
7681,56,1
7682,143,1
7683,131,1
7684,143,1
7685,175,0
7686,51,1
7687,73,1
7688,78,1
7689,29,1
7690,114,1
7691,107,1
7692,81,0
7693,69,1
7694,200,0
7695,200,0
7696,131,1
7697,70,1
7698,200,0
7699,77,1
7700,119,1
7701,135,1
7702,60,1
7703,109,1
7704,159,1
7705,97,1
7706,40,1
7707,89,1
7708,164,1
7709,76,1
7710,63,1
7711,29,1
7712,54,1
7713,84,0
7714,137,1
7715,41,1
7716,52,1
7717,153,1
7718,51,1
7719,67,1
7720,182,1
7721,81,1
7722,91,1
7723,80,1
7724,61,1
7725,51,1
7726,150,1
7727,71,1
7728,96,1
7729,75,1
7730,43,1
7731,161,1
7732,45,0
7733,98,1
7734,60,1
7735,148,0
7736,64,1
7737,57,0
7738,51,1
7739,108,1
7740,88,1
7741,184,1
7742,49,1
7743,57,0
7744,142,1
7745,118,1
7746,80,1
7747,200,0
7748,31,0
7749,47,1
7750,114,1
7751,44,1
7752,99,1
7753,48,1
7754,66,1
7755,89,1
7756,200,0
7757,48,1
7758,100,1
7759,83,1
7760,91,1
7761,200,0
7762,92,1
7763,102,1
7764,58,1
7765,38,1
7766,85,1
7767,147,1
7768,200,0
7769,82,1
7770,101,1
7771,120,1
7772,68,1
7773,200,0
7774,130,1
7775,200,0
7776,65,1
7777,132,1
7778,78,1
7779,151,1
7780,73,1
7781,57,1
7782,161,1
7783,183,1
7784,72,0
7785,44,1
7786,51,1
7787,92,1
7788,53,1
7789,141,1
7790,200,0
7791,60,1
7792,97,1
7793,41,0
7794,28,1
7795,13,0
7796,174,0
7797,37,1
7798,46,1
7799,27,1
7800,126,1
7801,148,0
7802,83,1
7803,42,1
7804,200,0
7805,154,0
7806,200,0
7807,173,1
7808,71,1
7809,45,1
7810,135,1
7811,147,1
7812,32,1
7813,79,1
7814,111,1
7815,124,1
7816,59,1
7817,50,1
7818,51,1
7819,112,1
7820,42,1
7821,67,1
7822,112,1
7823,78,1
7824,141,1
7825,143,1
7826,141,1
7827,27,1
7828,51,0
7829,51,1
7830,136,1
7831,119,1
7832,79,1
7833,64,1
7834,149,1
7835,132,1
7836,112,1
7837,94,1
7838,97,0
7839,83,1
7840,53,1
7841,32,1
7842,49,1
7843,50,1
7844,171,1
7845,46,1
7846,61,1
7847,36,1
7848,65,1
7849,62,1
7850,99,1
7851,130,1
7852,55,1
7853,52,1
7854,200,0
7855,120,1
7856,91,1
7857,116,1
7858,113,1
7859,149,1
7860,109,1
7861,116,1
7862,87,1
7863,60,1
7864,51,1
7865,16,0
7866,55,1
7867,121,1
7868,26,1
7869,77,1
7870,157,1
7871,95,1
7872,200,0
7873,200,0
7874,64,1
7875,79,1
7876,79,1
7877,192,1
7878,94,1
7879,33,1
7880,41,1
7881,175,1
7882,49,1
7883,59,1
7884,45,1
7885,147,1
7886,64,1
7887,48,1
7888,27,0
7889,83,1
7890,46,0
7891,30,0
7892,38,1
7893,93,1
7894,51,1
7895,88,1
7896,184,1
7897,192,1
7898,128,1
7899,90,1
7900,95,1
7901,183,1
7902,165,1
7903,130,1
7904,68,1
7905,47,1
7906,109,1
7907,140,1
7908,105,0
7909,57,1
7910,79,1
7911,140,1
7912,42,1
7913,52,1
7914,108,1
7915,136,1
7916,79,1
7917,66,1
7918,129,1
7919,51,1
7920,157,1
7921,81,1
7922,75,1
7923,98,1
7924,82,1
7925,162,1
7926,47,1
7927,80,1
7928,109,1
7929,38,1
7930,200,0
7931,106,1
7932,94,1
7933,103,1
7934,41,1
7935,57,1
7936,94,1
7937,128,1
7938,152,1
7939,54,1
7940,178,1
7941,116,1
7942,67,1
7943,43,1
7944,200,0
7945,100,1
7946,126,1
7947,59,1
7948,200,0
7949,111,1
7950,117,1
7951,148,1
7952,52,1
7953,38,1
7954,41,1
7955,98,1
7956,96,1
7957,43,0
7958,44,1
7959,200,0
7960,83,0
7961,98,1
7962,39,1
7963,58,1
7964,200,0
7965,30,1
7966,57,1
7967,56,1
7968,133,1
7969,58,1
7970,54,1
7971,200,0
7972,43,1
7973,41,1
7974,200,0
7975,58,1
7976,65,0
7977,67,1
7978,54,0
7979,60,1
7980,47,1
7981,133,1
7982,200,0
7983,88,0
7984,52,1
7985,79,0
7986,104,1
7987,115,1
7988,71,1
7989,78,1
7990,40,1
7991,83,1
7992,105,1
7993,106,1
7994,33,1
7995,105,1
7996,81,1
7997,47,1
7998,139,1
7999,63,1
8000,86,1
8001,73,1
8002,130,1
8003,111,1
8004,39,1
8005,56,1
8006,40,1
8007,85,1
8008,44,1
8009,200,0
8010,89,1
8011,123,1
8012,200,0
8013,53,1
8014,113,1
8015,100,1
8016,98,1
8017,200,1
8018,95,1
8019,76,1
8020,66,1
8021,200,0
8022,90,1
8023,92,1
8024,50,0
8025,181,1
8026,197,1
8027,49,1
8028,54,1
8029,46,1
8030,65,1
8031,61,1
8032,120,1
8033,99,1
8034,114,1
8035,65,1
8036,88,1
8037,132,1
8038,153,1
8039,33,1
8040,16,0
8041,144,1
8042,192,1
8043,94,1
8044,51,1
8045,160,0
8046,59,1
8047,181,1
8048,134,0
8049,88,1
8050,77,1
8051,98,1
8052,113,1
8053,116,1
8054,200,0
8055,55,1
8056,98,1
8057,86,1
8058,57,1
8059,173,1
8060,200,0
8061,122,1
8062,54,1
8063,44,1
8064,66,1
8065,108,1
8066,199,1
8067,64,1
8068,38,1
8069,79,1
8070,43,1
8071,47,1
8072,35,1
8073,97,1
8074,46,1
8075,200,0
8076,121,1
8077,149,1
8078,58,1
8079,48,1
8080,58,1
8081,83,1
8082,122,1
8083,78,1
8084,110,1
8085,46,0
8086,175,1
8087,52,1
8088,49,1
8089,60,1
8090,200,0
8091,96,1
8092,163,1
8093,63,1
8094,36,1
8095,194,1
8096,71,1
8097,124,1
8098,100,1
8099,74,1
8100,69,1
8101,112,1
8102,54,1
8103,99,1
8104,58,1
8105,200,0
8106,131,1
8107,102,1
8108,162,1
8109,87,1
8110,58,1
8111,154,1
8112,154,1
8113,32,1
8114,125,1
8115,165,1
8116,47,1
8117,68,1
8118,35,1
8119,75,1
8120,61,1
8121,63,1
8122,196,1
8123,116,0
8124,160,1
8125,74,1
8126,165,1
8127,107,1
8128,141,0
8129,70,1
8130,90,1
8131,36,1
8132,157,1
8133,101,1
8134,105,1
8135,137,0
8136,112,1
8137,76,1
8138,72,1
8139,59,1
8140,122,1
8141,152,1
8142,83,1
8143,200,0
8144,189,1
8145,129,1
8146,38,1
8147,108,1
8148,56,1
8149,200,0
8150,200,0
8151,95,1
8152,68,1
8153,117,1
8154,33,1
8155,96,1
8156,200,0
8157,112,1
8158,103,1
8159,200,0
8160,105,1
8161,113,1
8162,31,1
8163,15,1
8164,54,1
8165,137,0
8166,56,1
8167,128,1
8168,200,0
8169,102,1
8170,150,1
8171,97,1
8172,69,1
8173,107,1
8174,107,1
8175,137,1
8176,190,1
8177,77,1
8178,31,1
8179,84,1
8180,59,1
8181,67,1
8182,61,1
8183,93,0
8184,46,1
8185,45,1
8186,103,1
8187,105,1
8188,73,1
8189,95,1
8190,47,0
8191,134,0
8192,106,1
8193,32,0
8194,82,1
8195,33,1
8196,28,1
8197,81,1
8198,200,0
8199,75,0
8200,89,1
8201,116,1
8202,55,1
8203,192,1
8204,139,1
8205,31,1
8206,86,1
8207,115,1
8208,84,1
8209,73,1
8210,142,1
8211,52,1
8212,110,1
8213,45,1
8214,75,1
8215,153,1
8216,133,1
8217,169,1
8218,94,1
8219,54,1
8220,39,1
8221,102,1
8222,104,1
8223,63,1
8224,58,1
8225,77,1
8226,66,1
8227,173,1
8228,92,1
8229,66,0
8230,90,1
8231,47,1
8232,68,1
8233,52,1
8234,63,1
8235,136,1
8236,199,1
8237,55,1
8238,49,1
8239,83,1
8240,64,1
8241,38,1
8242,200,0
8243,62,1
8244,32,1
8245,144,1
8246,59,1
8247,124,1
8248,121,1
8249,126,1
8250,138,0
8251,72,0
8252,60,1
8253,45,1
8254,82,1
8255,94,1
8256,176,1
8257,200,0
8258,113,1
8259,55,1
8260,110,1
8261,85,1
8262,44,1
8263,120,1
8264,200,0
8265,62,1
8266,200,0
8267,99,1
8268,200,0
8269,168,1
8270,40,1
8271,58,1
8272,106,1
8273,156,1
8274,98,1
8275,200,0
8276,200,0
8277,200,0
8278,67,1
8279,56,1
8280,62,0
8281,67,1
8282,157,1
8283,76,1
8284,66,1
8285,46,1
8286,31,0
8287,142,1
8288,92,1
8289,97,1
8290,178,1
8291,128,1
8292,110,1
8293,131,1
8294,72,1
8295,188,1
8296,77,1
8297,112,1
8298,71,1
8299,132,1
8300,139,1
8301,65,1
8302,177,1
8303,128,1
8304,84,1
8305,122,1
8306,96,1
8307,61,1
8308,115,1
8309,55,1
8310,107,1
8311,55,1
8312,91,1
8313,61,1
8314,200,0
8315,116,1
8316,200,0
8317,39,1
8318,76,1
8319,38,1
8320,51,1
8321,81,1
8322,73,1
8323,85,1
8324,200,0
8325,163,1
8326,34,1
8327,200,0
8328,85,1
8329,55,1
8330,132,1
8331,32,1
8332,163,1
8333,89,1
8334,116,1
8335,38,1
8336,200,0
8337,119,1
8338,112,1
8339,200,0
8340,116,1
8341,85,1
8342,55,1
8343,96,1
8344,200,0
8345,133,1
8346,159,1
8347,200,0
8348,200,0
8349,93,1
8350,75,1
8351,179,1
8352,200,0
8353,200,0
8354,72,1
8355,44,1
8356,87,1
8357,84,1
8358,200,0
8359,30,1
8360,130,1
8361,131,1
8362,117,1
8363,51,1
8364,200,0
8365,75,1
8366,89,1
8367,47,1
8368,62,1
8369,66,1
8370,163,1
8371,46,1
8372,90,1
8373,62,1
8374,70,1
8375,200,0
8376,130,1
8377,39,0
8378,134,1
8379,106,1
8380,141,1
8381,81,1
8382,83,1
8383,136,1
8384,91,1
8385,104,1
8386,102,1
8387,141,1
8388,86,1
8389,58,1
8390,27,1
8391,45,1
8392,101,1
8393,131,1
8394,33,1
8395,78,1
8396,117,1
8397,42,1
8398,73,1
8399,141,1
8400,78,0
8401,122,1
8402,123,1
8403,93,1
8404,89,1
8405,68,1
8406,63,1
8407,126,0
8408,79,1
8409,200,0
8410,91,1
8411,29,1
8412,59,1
8413,57,1
8414,28,1
8415,146,1
8416,134,1
8417,41,1
8418,76,1
8419,97,1
8420,75,1
8421,55,1
8422,90,1
8423,53,1
8424,42,1
8425,128,1
8426,138,1
8427,115,1
8428,41,1
8429,152,1
8430,42,1
8431,39,1
8432,57,1
8433,153,1
8434,64,1
8435,129,1
8436,76,1
8437,150,1
8438,104,1
8439,31,1
8440,72,1
8441,115,1
8442,99,1
8443,44,1
8444,89,1
8445,80,1
8446,200,0
8447,142,1
8448,79,1
8449,200,0
8450,105,1
8451,56,1
8452,69,1
8453,156,1
8454,164,1
8455,180,1
8456,176,1
8457,143,0
8458,45,1
8459,99,1
8460,93,1
8461,200,0
8462,63,1
8463,101,1
8464,200,0
8465,105,1
8466,86,1
8467,45,1
8468,68,1
8469,125,1
8470,64,1
8471,64,1
8472,72,1
8473,48,1
8474,200,0
8475,49,1
8476,111,1
8477,75,1
8478,112,1
8479,130,1
8480,67,1
8481,59,1
8482,91,1
8483,179,1
8484,100,1
8485,63,1
8486,32,1
8487,83,1
8488,200,0
8489,170,0
8490,140,1
8491,115,1
8492,101,1
8493,200,0
8494,35,1
8495,72,1
8496,82,1
8497,195,1
8498,80,1
8499,38,1
8500,46,0
8501,60,1
8502,100,1
8503,103,1
8504,78,1
8505,103,1
8506,76,1
8507,50,1
8508,93,1
8509,101,1
8510,56,1
8511,143,1
8512,87,1
8513,26,1
8514,67,1
8515,62,1
8516,51,1
8517,87,1
8518,71,1
8519,90,1
8520,63,1
8521,75,1
8522,45,1
8523,128,1
8524,19,0
8525,66,1
8526,113,1
8527,112,1
8528,126,1
8529,82,1
8530,56,1
8531,36,1
8532,80,1
8533,56,1
8534,59,1
8535,83,1
8536,91,1
8537,200,0
8538,200,0
8539,137,1
8540,89,1
8541,135,1
8542,41,1
8543,180,1
8544,68,0
8545,118,1
8546,200,0
8547,78,1
8548,83,1
8549,104,1
8550,69,1
8551,35,1
8552,59,1
8553,54,1
8554,36,1
8555,138,1
8556,70,1
8557,59,1
8558,84,1
8559,110,1
8560,200,0
8561,107,1
8562,58,1
8563,74,1
8564,151,1
8565,149,1
8566,78,1
8567,59,1
8568,68,1
8569,79,1
8570,156,1
8571,81,1
8572,183,1
8573,124,1
8574,96,1
8575,46,1
8576,86,1
8577,113,1
8578,103,1
8579,61,1
8580,114,0
8581,73,0
8582,109,1
8583,151,1
8584,88,1
8585,200,0
8586,85,1
8587,68,1
8588,63,1
8589,38,1
8590,200,0
8591,141,1
8592,104,1
8593,200,0
8594,50,1
8595,54,1
8596,61,1
8597,200,0
8598,43,1
8599,78,1
8600,114,1
8601,200,0
8602,155,1
8603,51,1
8604,200,0
8605,200,0
8606,59,1
8607,41,1
8608,147,1
8609,200,0
8610,116,1
8611,51,1
8612,122,1
8613,189,1
8614,40,1
8615,168,1
8616,93,1
8617,72,1
8618,133,1
8619,91,1
8620,98,1
8621,103,1
8622,92,1
8623,40,1
8624,153,1
8625,200,0
8626,72,1
8627,96,1
8628,86,1
8629,115,0
8630,92,1
8631,130,1
8632,90,1
8633,73,1
8634,119,1
8635,141,1
8636,147,1
8637,109,0
8638,200,0
8639,78,1
8640,65,1
8641,28,1
8642,73,1
8643,70,1
8644,82,1
8645,65,1
8646,82,1
8647,35,1
8648,107,1
8649,120,1
8650,86,1
8651,100,0
8652,190,1
8653,34,1
8654,62,1
8655,50,1
8656,87,1
8657,138,1
8658,109,1
8659,94,1
8660,57,1
8661,87,1
8662,200,0
8663,108,1
8664,43,1
8665,49,1
8666,92,1
8667,93,1
8668,114,1
8669,86,1
8670,94,1
8671,75,1
8672,76,1
8673,71,1
8674,90,1
8675,89,0
8676,68,1
8677,50,1
8678,41,1
8679,58,1
8680,60,1
8681,142,1
8682,80,1
8683,71,1
8684,85,1
8685,144,1
8686,45,1
8687,200,0
8688,89,1
8689,53,1
8690,40,1
8691,42,1
8692,57,1
8693,126,1
8694,166,1
8695,89,1
8696,84,1
8697,50,1
8698,48,1
8699,128,1
8700,76,1
8701,45,1
8702,30,1
8703,49,1
8704,142,1
8705,101,1
8706,153,1
8707,82,1
8708,87,1
8709,125,1
8710,93,1
8711,61,1
8712,95,1
8713,41,1
8714,200,0
8715,151,1
8716,82,1
8717,78,1
8718,108,1
8719,189,1
8720,41,0
8721,73,1
8722,120,1
8723,200,0
8724,64,1
8725,200,0
8726,123,1
8727,99,1
8728,78,1
8729,73,1
8730,27,0
8731,75,1
8732,79,1
8733,167,1
8734,32,1
8735,118,1
8736,73,1
8737,80,1
8738,149,1
8739,79,0
8740,117,1
8741,200,0
8742,80,1
8743,136,1
8744,93,1
8745,29,1
8746,86,1
8747,80,1
8748,51,1
8749,147,1
8750,153,1
8751,116,1
8752,200,0
8753,77,1
8754,94,1
8755,76,1
8756,72,1
8757,108,1
8758,58,1
8759,76,1
8760,59,1
8761,65,1
8762,64,1
8763,36,1
8764,130,1
8765,113,1
8766,38,1
8767,49,1
8768,55,1
8769,200,0
8770,151,1
8771,145,1
8772,107,1
8773,140,1
8774,66,1
8775,177,1
8776,89,1
8777,113,1
8778,58,1
8779,200,0
8780,95,1
8781,57,1
8782,100,1
8783,92,1
8784,31,1
8785,72,1
8786,117,1
8787,145,1
8788,67,1
8789,51,1
8790,50,1
8791,200,0
8792,113,1
8793,182,1
8794,58,1
8795,200,0
8796,187,1
8797,200,0
8798,30,1
8799,62,1
8800,156,1
8801,76,1
8802,200,0
8803,137,1
8804,122,1
8805,80,0
8806,45,1
8807,134,1
8808,200,0
8809,85,1
8810,143,1
8811,58,1
8812,81,1
8813,119,1
8814,97,1
8815,72,1
8816,200,0
8817,77,1
8818,108,1
8819,82,1
8820,119,1
8821,141,1
8822,139,1
8823,126,1
8824,106,1
8825,122,1
8826,200,0
8827,58,1
8828,65,1
8829,52,1
8830,148,1
8831,77,0
8832,54,1
8833,60,1
8834,177,0
8835,75,1
8836,62,1
8837,41,1
8838,63,1
8839,115,1
8840,101,1
8841,54,1
8842,57,1
8843,54,1
8844,61,1
8845,70,1
8846,116,1
8847,180,1
8848,135,1
8849,162,1
8850,53,1
8851,64,1
8852,126,1
8853,44,1
8854,33,0
8855,38,1
8856,54,1
8857,39,1
8858,101,1
8859,95,1
8860,63,1
8861,97,1
8862,31,1
8863,85,1
8864,107,0
8865,87,1
8866,65,1
8867,80,1
8868,61,1
8869,84,1
8870,89,1
8871,115,1
8872,21,1
8873,117,1
8874,62,1
8875,80,1
8876,94,1
8877,58,1
8878,98,1
8879,84,1
8880,54,0
8881,27,1
8882,120,0
8883,102,1
8884,200,0
8885,86,1
8886,74,1
8887,77,1
8888,42,1
8889,139,1
8890,60,1
8891,98,0
8892,136,1
8893,62,1
8894,98,1
8895,71,1
8896,66,1
8897,88,0
8898,98,1
8899,85,1
8900,184,1
8901,188,1
8902,38,1
8903,120,1
8904,93,1
8905,85,1
8906,110,1
8907,110,1
8908,184,1
8909,90,1
8910,116,1
8911,92,1
8912,80,1
8913,100,1
8914,101,1
8915,96,1
8916,76,1
8917,105,1
8918,114,1
8919,123,1
8920,114,0
8921,58,1
8922,22,1
8923,52,1
8924,86,0
8925,29,0
8926,104,1
8927,97,1
8928,77,1
8929,100,1
8930,86,1
8931,30,1
8932,41,1
8933,200,0
8934,78,1
8935,200,0
8936,32,1
8937,71,1
8938,93,1
8939,51,1
8940,46,1
8941,68,1
8942,119,1
8943,30,1
8944,69,1
8945,22,1
8946,181,1
8947,76,1
8948,45,1
8949,31,1
8950,56,1
8951,61,0
8952,200,0
8953,93,1
8954,200,1
8955,105,1
8956,121,1
8957,151,1
8958,111,1
8959,81,1
8960,99,0
8961,58,1
8962,94,1
8963,67,1
8964,42,0
8965,67,1
8966,55,1
8967,56,1
8968,79,1
8969,117,1
8970,74,1
8971,184,1
8972,34,0
8973,199,1
8974,93,1
8975,85,1
8976,53,1
8977,113,1
8978,84,1
8979,64,0
8980,110,1
8981,99,1
8982,97,1
8983,67,1
8984,130,1
8985,80,1
8986,35,0
8987,82,1
8988,127,1
8989,46,1
8990,77,1
8991,64,1
8992,45,1
8993,70,0
8994,50,1
8995,130,0
8996,165,1
8997,109,1
8998,121,1
8999,54,1
9000,124,0
9001,130,1
9002,62,0
9003,44,1
9004,34,1
9005,39,0
9006,200,0
9007,113,1
9008,83,1
9009,70,1
9010,39,1
9011,73,1
9012,92,1
9013,54,1
9014,56,1
9015,29,0
9016,46,1
9017,124,0
9018,28,1
9019,93,1
9020,53,1
9021,124,1
9022,102,1
9023,33,1
9024,58,1
9025,64,0
9026,38,0
9027,123,0
9028,47,1
9029,72,1
9030,124,1
9031,102,1
9032,70,1
9033,146,1
9034,171,1
9035,95,0
9036,126,1
9037,61,1
9038,67,1
9039,138,1
9040,33,1
9041,131,1
9042,165,0
9043,33,1
9044,55,1
9045,50,1
9046,42,0
9047,79,1
9048,60,1
9049,53,1
9050,123,1
9051,69,1
9052,110,1
9053,64,1
9054,57,1
9055,90,1
9056,52,1
9057,76,1
9058,48,1
9059,67,1
9060,179,1
9061,147,1
9062,108,0
9063,101,0
9064,191,1
9065,41,1
9066,143,0
9067,62,0
9068,75,1
9069,91,0
9070,166,1
9071,200,0
9072,109,1
9073,57,1
9074,117,1
9075,128,1
9076,86,1
9077,79,1
9078,200,0
9079,103,1
9080,69,1
9081,83,1
9082,166,1
9083,183,1
9084,36,1
9085,120,1
9086,200,0
9087,200,0
9088,114,1
9089,51,1
9090,48,1
9091,128,1
9092,105,0
9093,108,1
9094,94,1
9095,90,1
9096,80,1
9097,51,1
9098,200,0
9099,127,1
9100,162,1
9101,71,1
9102,176,1
9103,101,1
9104,69,1
9105,127,1
9106,121,1
9107,51,1
9108,34,1
9109,53,1
9110,173,0
9111,119,1
9112,68,1
9113,129,1
9114,82,1
9115,76,1
9116,48,1
9117,147,1
9118,70,1
9119,31,1
9120,93,1
9121,200,0
9122,40,1
9123,200,0
9124,163,1
9125,47,1
9126,70,1
9127,63,1
9128,117,1
9129,150,1
9130,95,1
9131,136,0
9132,96,1
9133,110,1
9134,164,1
9135,59,1
9136,200,0
9137,42,0
9138,111,1
9139,101,1
9140,69,1
9141,47,1
9142,62,1
9143,88,1
9144,107,1
9145,90,0
9146,90,1
9147,47,0
9148,85,1
9149,70,1
9150,66,1
9151,200,0
9152,83,1
9153,69,1
9154,113,1
9155,103,1
9156,125,1
9157,60,1
9158,40,1
9159,143,1
9160,79,1
9161,50,1
9162,200,0
9163,60,1
9164,125,1
9165,83,1
9166,170,1
9167,200,0
9168,191,1
9169,67,1
9170,92,1
9171,200,0
9172,62,1
9173,147,1
9174,140,1
9175,152,1
9176,74,1
9177,158,1
9178,83,1
9179,78,1
9180,200,0
9181,28,1
9182,57,1
9183,102,1
9184,83,1
9185,66,1
9186,44,1
9187,47,1
9188,200,0
9189,59,1
9190,48,1
9191,87,1
9192,145,1
9193,78,1
9194,45,1
9195,147,1
9196,104,1
9197,97,1
9198,58,1
9199,124,1
9200,53,1
9201,30,1
9202,89,1
9203,49,1
9204,28,1
9205,92,1
9206,132,0
9207,72,1
9208,126,1
9209,90,1
9210,83,1
9211,66,1
9212,71,1
9213,77,1
9214,56,1
9215,30,1
9216,80,1
9217,59,1
9218,131,1
9219,40,1
9220,67,1
9221,139,1
9222,200,0
9223,105,1
9224,35,1
9225,34,1
9226,158,1
9227,84,1
9228,77,0
9229,80,0
9230,144,1
9231,127,0
9232,180,1
9233,155,1
9234,94,1
9235,67,1
9236,81,1
9237,58,1
9238,45,1
9239,36,1
9240,200,0
9241,140,1
9242,43,1
9243,115,1
9244,101,1
9245,200,0
9246,130,1
9247,117,1
9248,94,0
9249,34,1
9250,72,1
9251,47,1
9252,81,1
9253,78,1
9254,177,1
9255,133,1
9256,140,1
9257,135,1
9258,30,1
9259,66,1
9260,89,1
9261,91,1
9262,95,1
9263,136,1
9264,60,1
9265,155,1
9266,113,1
9267,196,1
9268,36,1
9269,111,0
9270,32,1
9271,46,1
9272,133,1
9273,99,0
9274,38,1
9275,117,1
9276,116,0
9277,95,1
9278,160,1
9279,141,1
9280,171,1
9281,79,1
9282,68,1
9283,41,1
9284,93,1
9285,188,1
9286,91,1
9287,34,1
9288,200,1
9289,85,1
9290,55,1
9291,51,1
9292,149,1
9293,178,1
9294,50,1
9295,43,1
9296,146,1
9297,51,0
9298,33,1
9299,97,1
9300,37,1
9301,146,1
9302,85,1
9303,138,0
9304,132,1
9305,53,1
9306,63,1
9307,59,1
9308,54,1
9309,80,1
9310,160,1
9311,108,1
9312,75,1
9313,200,0
9314,73,1
9315,200,0
9316,125,1
9317,99,1
9318,95,1
9319,183,1
9320,113,1
9321,146,1
9322,139,1
9323,150,1
9324,82,1
9325,197,1
9326,61,1
9327,53,1
9328,200,0
9329,47,1
9330,72,1
9331,97,1
9332,86,1
9333,63,1
9334,67,1
9335,78,1
9336,61,1
9337,34,1
9338,126,1
9339,104,1
9340,41,0
9341,62,1
9342,58,1
9343,98,1
9344,58,0
9345,59,0
9346,137,1
9347,64,1
9348,94,1
9349,36,0
9350,153,1
9351,131,1
9352,200,0
9353,64,1
9354,200,1
9355,65,1
9356,58,1
9357,89,1
9358,44,1
9359,65,1
9360,72,1
9361,81,1
9362,92,1
9363,51,1
9364,142,1
9365,88,1
9366,39,1
9367,35,1
9368,77,1
9369,88,1
9370,169,1
9371,94,0
9372,54,1
9373,41,1
9374,38,1
9375,67,1
9376,137,1
9377,68,1
9378,92,1
9379,72,1
9380,200,0
9381,33,1
9382,41,1
9383,47,1
9384,134,1
9385,58,0
9386,151,1
9387,114,1
9388,90,1
9389,41,1
9390,85,1
9391,57,1
9392,84,1
9393,41,1
9394,111,1
9395,96,1
9396,60,1
9397,26,1
9398,33,0
9399,119,1
9400,170,1
9401,43,1
9402,161,1
9403,92,1
9404,85,1
9405,64,1
9406,200,0
9407,120,1
9408,200,0
9409,93,1
9410,74,1
9411,169,1
9412,60,1
9413,86,1
9414,69,1
9415,66,1
9416,63,1
9417,112,1
9418,50,0
9419,133,1
9420,67,1
9421,53,1
9422,200,0
9423,107,1
9424,112,1
9425,80,1
9426,125,1
9427,200,0
9428,150,1
9429,82,1
9430,106,1
9431,128,1
9432,122,1
9433,102,1
9434,200,0
9435,72,1
9436,79,1
9437,200,0
9438,109,1
9439,200,0
9440,112,1
9441,64,1
9442,82,1
9443,62,1
9444,200,0
9445,37,1
9446,200,0
9447,67,1
9448,121,1
9449,35,1
9450,109,1
9451,52,1
9452,70,1
9453,111,1
9454,102,1
9455,61,1
9456,41,1
9457,101,0
9458,139,1
9459,108,1
9460,84,1
9461,65,1
9462,39,1
9463,84,1
9464,107,1
9465,45,1
9466,103,1
9467,70,1
9468,56,1
9469,63,1
9470,43,1
9471,69,1
9472,124,1
9473,151,1
9474,29,1
9475,67,1
9476,146,1
9477,50,0
9478,65,1
9479,30,1
9480,115,1
9481,200,0
9482,60,1
9483,52,0
9484,200,0
9485,83,1
9486,39,1
9487,183,1
9488,77,1
9489,41,1
9490,73,1
9491,92,0
9492,50,1
9493,99,1
9494,53,0
9495,89,1
9496,70,1
9497,76,1
9498,65,1
9499,142,1
9500,84,1
9501,147,1
9502,84,1
9503,25,1
9504,200,0
9505,93,1
9506,57,1
9507,200,0
9508,63,1
9509,88,1
9510,119,1
9511,44,1
9512,82,1
9513,58,1
9514,43,1
9515,130,1
9516,127,1
9517,61,1
9518,154,1
9519,73,1
9520,72,1
9521,113,1
9522,100,1
9523,60,1
9524,200,0
9525,30,1
9526,195,1
9527,110,1
9528,71,1
9529,77,1
9530,70,1
9531,58,1
9532,124,1
9533,200,0
9534,64,1
9535,54,1
9536,93,1
9537,200,0
9538,136,1
9539,193,1
9540,85,1
9541,126,1
9542,78,1
9543,53,1
9544,134,1
9545,82,1
9546,91,1
9547,133,1
9548,38,1
9549,47,1
9550,49,1
9551,73,1
9552,200,0
9553,66,1
9554,33,0
9555,200,0
9556,53,1
9557,40,1
9558,56,1
9559,70,1
9560,129,1
9561,78,1
9562,46,1
9563,138,1
9564,62,1
9565,33,1
9566,96,1
9567,68,1
9568,48,1
9569,200,0
9570,59,1
9571,88,1
9572,44,1
9573,108,1
9574,81,1
9575,44,1
9576,51,1
9577,68,1
9578,65,1
9579,101,1
9580,68,1
9581,90,1
9582,200,0
9583,126,1
9584,47,1
9585,48,1
9586,156,1
9587,87,1
9588,200,0
9589,26,1
9590,41,1
9591,54,1
9592,128,1
9593,118,0
9594,109,1
9595,161,1
9596,200,0
9597,28,0
9598,131,1
9599,117,1
9600,200,0
9601,59,1
9602,113,1
9603,111,1
9604,49,1
9605,64,1
9606,94,1
9607,79,1
9608,96,1
9609,103,1
9610,116,0
9611,158,1
9612,92,1
9613,127,1
9614,93,1
9615,44,1
9616,200,0
9617,71,1
9618,200,0
9619,155,1
9620,96,1
9621,105,1
9622,66,1
9623,156,1
9624,78,1
9625,82,0
9626,124,1
9627,59,1
9628,84,1
9629,200,0
9630,189,1
9631,85,1
9632,61,1
9633,132,1
9634,92,0
9635,78,1
9636,41,1
9637,77,1
9638,94,1
9639,111,0
9640,93,1
9641,65,1
9642,33,1
9643,90,1
9644,42,1
9645,54,1
9646,50,1
9647,67,1
9648,124,1
9649,83,1
9650,75,1
9651,178,1
9652,61,1
9653,142,1
9654,136,1
9655,88,1
9656,77,1
9657,86,1
9658,116,1
9659,84,1
9660,200,0
9661,46,0
9662,110,1
9663,125,1
9664,48,1
9665,155,0
9666,75,1
9667,67,1
9668,62,0
9669,50,1
9670,92,1
9671,128,1
9672,90,1
9673,91,1
9674,106,1
9675,105,1
9676,43,1
9677,58,1
9678,77,1
9679,70,0
9680,143,1
9681,103,1
9682,83,1
9683,29,1
9684,64,1
9685,72,1
9686,200,0
9687,51,1
9688,81,1
9689,179,1
9690,75,1
9691,34,1
9692,62,1
9693,58,1
9694,110,1
9695,55,1
9696,51,0
9697,153,1
9698,77,0
9699,118,1
9700,182,1
9701,54,1
9702,116,1
9703,64,1
9704,54,0
9705,92,1
9706,135,1
9707,77,1
9708,30,1
9709,175,1
9710,67,1
9711,40,1
9712,194,1
9713,64,1
9714,157,1
9715,114,1
9716,51,1
9717,39,1
9718,108,1
9719,84,1
9720,78,1
9721,112,1
9722,50,1
9723,133,1
9724,147,1
9725,200,0
9726,86,1
9727,73,1
9728,138,1
9729,173,1
9730,58,1
9731,93,1
9732,72,1
9733,61,1
9734,111,1
9735,54,1
9736,123,1
9737,141,1
9738,123,1
9739,148,1
9740,103,0
9741,75,1
9742,73,1
9743,86,1
9744,28,1
9745,82,1
9746,106,1
9747,40,1
9748,38,1
9749,200,0
9750,74,1
9751,135,1
9752,56,1
9753,78,1
9754,63,1
9755,71,1
9756,50,1
9757,62,1
9758,37,1
9759,200,0
9760,54,1
9761,37,1
9762,55,1
9763,60,1
9764,200,0
9765,155,1
9766,45,1
9767,78,1
9768,78,1
9769,97,1
9770,182,1
9771,78,1
9772,45,1
9773,91,0
9774,78,1
9775,64,1
9776,95,1
9777,58,1
9778,45,1
9779,30,1
9780,95,1
9781,200,0
9782,71,1
9783,40,1
9784,50,1
9785,200,0
9786,57,1
9787,200,0
9788,70,1
9789,190,1
9790,53,1
9791,41,1
9792,54,1
9793,49,1
9794,127,0
9795,91,0
9796,56,1
9797,59,1
9798,62,1
9799,108,0
9800,85,1
9801,41,1
9802,70,1
9803,30,1
9804,81,1
9805,62,1
9806,200,0
9807,200,0
9808,49,1
9809,83,1
9810,55,1
9811,28,1
9812,101,1
9813,97,1
9814,46,1
9815,55,1
9816,61,1
9817,123,1
9818,38,1
9819,108,0
9820,49,1
9821,73,1
9822,24,1
9823,87,1
9824,52,1
9825,41,1
9826,108,1
9827,45,1
9828,65,1
9829,110,1
9830,131,1
9831,46,1
9832,131,1
9833,35,1
9834,136,1
9835,53,1
9836,71,1
9837,53,1
9838,164,0
9839,95,1
9840,179,1
9841,85,1
9842,161,1
9843,200,0
9844,84,1
9845,83,1
9846,114,1
9847,148,1
9848,25,1
9849,140,1
9850,82,1
9851,112,1
9852,88,1
9853,200,0
9854,73,1
9855,28,1
9856,116,1
9857,151,1
9858,88,1
9859,91,1
9860,69,1
9861,137,1
9862,141,1
9863,58,1
9864,61,0
9865,60,1
9866,200,0
9867,142,1
9868,158,1
9869,148,0
9870,51,0
9871,53,1
9872,72,1
9873,24,1
9874,78,1
9875,103,1
9876,127,1
9877,118,1
9878,66,1
9879,29,0
9880,93,1
9881,174,1
9882,55,1
9883,117,1
9884,21,0
9885,103,1
9886,171,1
9887,127,1
9888,84,0
9889,106,1
9890,200,0
9891,141,1
9892,98,1
9893,32,1
9894,129,1
9895,53,1
9896,161,0
9897,111,1
9898,35,1
9899,130,1
9900,31,0
9901,124,1
9902,164,1
9903,200,0
9904,58,1
9905,183,1
9906,114,1
9907,94,1
9908,42,1
9909,148,1
9910,117,1
9911,145,1
9912,165,1
9913,165,1
9914,44,1
9915,20,1
9916,200,0
9917,84,1
9918,82,1
9919,93,1
9920,38,1
9921,200,0
9922,71,1
9923,128,1
9924,67,1
9925,57,1
9926,52,1
9927,78,1
9928,79,1
9929,109,1
9930,153,1
9931,71,1
9932,98,1
9933,117,1
9934,53,1
9935,52,1
9936,95,1
9937,35,1
9938,88,1
9939,72,1
9940,63,1
9941,40,1
9942,67,1
9943,200,0
9944,59,1
9945,148,1
9946,36,1
9947,42,1
9948,136,1
9949,193,1
9950,49,1
9951,126,1
9952,200,0
9953,94,1
9954,40,1
9955,150,1
9956,93,1
9957,164,1
9958,70,1
9959,51,1
9960,46,1
9961,171,1
9962,150,1
9963,44,1
9964,50,1
9965,59,1
9966,129,1
9967,77,1
9968,106,1
9969,59,1
9970,95,1
9971,47,1
9972,75,1
9973,129,1
9974,103,1
9975,40,1
9976,94,1
9977,71,1
9978,67,1
9979,132,1
9980,60,1
9981,51,1
9982,76,1
9983,144,1
9984,51,1
9985,69,1
9986,111,1
9987,123,0
9988,145,1
9989,38,1
9990,70,1
9991,53,1
9992,39,1
9993,45,1
9994,200,0
9995,168,1
9996,74,1
9997,124,1
9998,75,1
9999,131,1
