episode,steps,reward
0,28,0
1,32,0
2,6,0
3,25,0
4,18,0
5,11,0
6,31,0
7,29,0
8,27,0
9,52,0
10,24,0
11,18,0
12,24,0
13,12,0
14,21,0
15,42,0
16,23,0
17,20,0
18,9,0
19,57,0
20,47,0
21,37,0
22,27,0
23,163,0
24,24,0
25,42,0
26,65,0
27,44,0
28,39,0
29,23,0
30,13,0
31,46,0
32,15,0
33,105,0
34,20,0
35,79,0
36,30,0
37,21,0
38,27,0
39,94,0
40,18,0
41,30,0
42,34,0
43,5,0
44,21,0
45,21,0
46,11,0
47,24,0
48,9,0
49,9,0
50,44,0
51,27,0
52,55,0
53,14,0
54,31,0
55,9,0
56,19,0
57,20,0
58,15,0
59,14,0
60,21,0
61,42,0
62,15,0
63,11,0
64,12,0
65,46,0
66,61,0
67,25,0
68,29,0
69,19,0
70,26,0
71,27,0
72,43,0
73,32,0
74,125,0
75,44,0
76,19,0
77,109,0
78,31,0
79,40,0
80,11,0
81,14,0
82,43,0
83,48,1
84,30,0
85,163,0
86,32,0
87,41,0
88,200,0
89,39,0
90,29,0
91,166,0
92,82,0
93,67,0
94,87,0
95,70,0
96,168,0
97,62,0
98,79,0
99,52,0
100,157,0
101,200,0
102,34,0
103,200,0
104,86,0
105,36,0
106,169,0
107,200,0
108,154,0
109,103,0
110,53,0
111,79,1
112,73,0
113,200,0
114,42,0
115,59,0
116,24,0
117,41,0
118,63,0
119,77,0
120,85,0
121,30,0
122,131,0
123,54,0
124,150,0
125,168,0
126,200,0
127,166,1
128,23,0
129,107,0
130,22,0
131,163,0
132,200,0
133,51,0
134,131,0
135,21,0
136,115,0
137,188,0
138,151,1
139,200,0
140,171,0
141,192,0
142,33,0
143,54,0
144,8,0
145,194,1
146,74,1
147,200,0
148,16,0
149,40,0
150,163,0
151,43,0
152,200,0
153,200,0
154,72,0
155,163,0
156,200,0
157,109,1
158,51,0
159,107,1
160,25,0
161,96,0
162,105,1
163,112,1
164,17,0
165,10,0
166,200,0
167,72,0
168,91,1
169,200,0
170,136,0
171,125,0
172,32,1
173,88,0
174,200,0
175,8,0
176,200,0
177,174,0
178,200,0
179,47,0
180,170,1
181,200,0
182,200,0
183,60,0
184,134,1
185,95,1
186,12,0
187,35,0
188,23,0
189,89,0
190,96,0
191,66,1
192,86,0
193,192,0
194,60,0
195,33,0
196,200,0
197,65,0
198,200,0
199,168,0
200,66,0
201,56,0
202,136,1
203,94,1
204,200,0
205,61,0
206,133,0
207,200,0
208,200,0
209,21,0
210,149,0
211,43,0
212,11,0
213,14,0
214,200,0
215,151,0
216,33,0
217,97,1
218,59,0
219,200,0
220,200,0
221,200,0
222,164,0
223,181,0
224,128,1
225,67,0
226,129,0
227,136,0
228,168,0
229,200,0
230,102,0
231,30,0
232,77,1
233,200,0
234,154,1
235,17,0
236,119,1
237,196,1
238,200,0
239,104,1
240,166,0
241,94,0
242,39,0
243,200,0
244,133,0
245,115,1
246,123,0
247,134,1
248,50,0
249,200,0
250,172,0
251,167,0
252,200,0
253,200,0
254,200,0
255,200,0
256,61,0
257,117,0
258,200,0
259,200,0
260,200,0
261,165,0
262,38,0
263,29,0
264,200,0
265,11,0
266,96,1
267,56,1
268,99,1
269,200,0
270,200,0
271,127,1
272,104,0
273,17,0
274,11,0
275,31,0
276,200,0
277,66,0
278,173,0
279,200,0
280,134,0
281,200,0
282,200,0
283,63,0
284,58,0
285,200,0
286,14,0
287,108,0
288,200,0
289,152,0
290,200,0
291,196,0
292,37,0
293,200,0
294,200,0
295,47,0
296,200,0
297,80,0
298,157,0
299,39,1
300,138,1
301,10,0
302,129,0
303,200,0
304,19,0
305,76,0
306,145,0
307,14,0
308,200,0
309,51,0
310,200,0
311,22,0
312,23,0
313,200,0
314,154,0
315,200,0
316,52,0
317,122,0
318,54,1
319,133,0
320,21,0
321,62,1
322,120,0
323,145,1
324,144,0
325,200,0
326,160,1
327,200,0
328,145,0
329,192,1
330,50,0
331,200,0
332,157,1
333,200,0
334,63,0
335,86,0
336,200,0
337,200,0
338,99,1
339,57,0
340,96,0
341,200,0
342,200,0
343,200,0
344,51,1
345,20,0
346,200,0
347,57,0
348,200,0
349,102,0
350,200,0
351,200,0
352,51,0
353,200,0
354,97,0
355,12,0
356,68,1
357,102,1
358,81,1
359,71,0
360,119,0
361,95,1
362,51,0
363,111,1
364,71,0
365,200,0
366,76,1
367,94,1
368,125,0
369,200,0
370,109,0
371,200,0
372,106,0
373,68,1
374,39,0
375,198,1
376,200,0
377,135,0
378,200,0
379,68,0
380,200,0
381,200,0
382,200,0
383,200,0
384,36,0
385,166,1
386,84,1
387,78,0
388,47,1
389,154,1
390,200,0
391,186,1
392,115,1
393,39,0
394,200,0
395,42,0
396,78,1
397,44,0
398,200,0
399,200,0
400,21,0
401,200,0
402,200,0
403,31,0
404,169,1
405,154,0
406,200,0
407,200,0
408,200,0
409,7,0
410,200,0
411,85,0
412,89,0
413,134,0
414,200,0
415,76,0
416,200,0
417,200,0
418,200,0
419,200,0
420,16,0
421,200,0
422,16,0
423,12,0
424,120,1
425,24,1
426,11,0
427,68,1
428,200,0
429,200,0
430,200,0
431,200,0
432,144,0
433,200,0
434,138,0
435,200,0
436,89,0
437,121,1
438,140,1
439,117,0
440,135,1
441,155,0
442,114,1
443,200,0
444,76,1
445,106,1
446,200,0
447,200,0
448,102,0
449,200,0
450,189,0
451,40,0
452,200,0
453,200,0
454,76,0
455,200,0
456,66,1
457,114,0
458,200,0
459,183,0
460,200,0
461,159,1
462,72,1
463,85,1
464,26,0
465,164,1
466,43,0
467,185,1
468,152,1
469,36,0
470,117,0
471,200,0
472,190,0
473,175,1
474,161,0
475,200,0
476,163,0
477,116,1
478,200,0
479,200,0
480,113,1
481,75,0
482,151,0
483,161,0
484,200,0
485,131,0
486,190,0
487,185,1
488,200,0
489,78,1
490,105,1
491,103,1
492,107,1
493,142,0
494,200,0
495,115,0
496,200,0
497,75,1
498,69,0
499,200,0
500,200,0
501,86,1
502,200,0
503,200,0
504,140,0
505,200,0
506,160,0
507,49,1
508,37,0
509,118,0
510,15,0
511,200,0
512,200,0
513,21,0
514,200,0
515,63,0
516,66,1
517,84,0
518,200,0
519,148,1
520,200,0
521,73,0
522,200,0
523,63,1
524,73,0
525,21,0
526,200,0
527,19,0
528,200,0
529,139,0
530,200,0
531,124,1
532,200,0
533,200,0
534,200,0
535,131,1
536,153,0
537,199,1
538,46,0
539,170,1
540,200,0
541,200,0
542,36,0
543,129,1
544,183,1
545,84,1
546,200,0
547,72,0
548,38,0
549,200,0
550,165,0
551,200,0
552,62,0
553,51,0
554,46,0
555,72,1
556,107,1
557,79,0
558,30,0
559,88,0
560,36,0
561,200,0
562,85,0
563,75,0
564,200,0
565,118,1
566,149,0
567,65,1
568,200,0
569,32,0
570,200,0
571,183,0
572,200,0
573,169,0
574,178,1
575,53,0
576,200,0
577,158,0
578,128,1
579,116,0
580,99,1
581,147,1
582,200,0
583,200,0
584,96,1
585,113,1
586,186,1
587,20,0
588,67,1
589,200,0
590,129,1
591,93,0
592,49,1
593,52,0
594,200,0
595,134,1
596,200,0
597,49,0
598,50,0
599,200,0
600,91,1
601,133,0
602,94,0
603,78,0
604,200,0
605,66,1
606,191,1
607,200,0
608,72,1
609,26,0
610,180,1
611,200,0
612,76,0
613,130,0
614,136,0
615,29,0
616,39,0
617,100,0
618,200,0
619,30,0
620,200,0
621,107,0
622,122,0
623,78,0
624,200,0
625,107,1
626,75,1
627,136,1
628,192,0
629,200,0
630,164,0
631,121,1
632,164,1
633,12,0
634,132,1
635,21,0
636,57,0
637,114,1
638,200,0
639,89,1
640,200,0
641,200,0
642,200,0
643,136,1
644,200,0
645,111,1
646,171,0
647,182,1
648,140,1
649,200,0
650,68,0
651,133,1
652,165,0
653,8,0
654,50,0
655,200,0
656,101,1
657,200,0
658,38,1
659,19,0
660,136,0
661,165,0
662,200,0
663,200,0
664,200,0
665,85,1
666,200,0
667,52,0
668,95,1
669,51,1
670,56,1
671,74,1
672,200,0
673,36,0
674,177,1
675,193,1
676,33,1
677,189,0
678,110,1
679,200,0
680,72,1
681,108,0
682,200,0
683,200,0
684,200,0
685,200,0
686,91,0
687,200,0
688,170,0
689,147,1
690,200,0
691,200,0
692,200,0
693,200,0
694,200,0
695,200,0
696,44,0
697,200,0
698,186,1
699,18,0
700,137,1
701,62,0
702,200,0
703,173,1
704,136,0
705,200,0
706,95,1
707,7,0
708,113,1
709,28,0
710,155,1
711,177,0
712,200,0
713,200,0
714,145,0
715,196,0
716,200,0
717,88,1
718,91,0
719,65,1
720,200,0
721,95,0
722,200,0
723,200,0
724,118,1
725,175,1
726,119,1
727,29,1
728,19,0
729,123,1
730,139,1
731,200,0
732,200,0
733,119,0
734,145,0
735,83,1
736,104,0
737,36,0
738,141,1
739,200,0
740,200,0
741,10,0
742,200,0
743,200,0
744,200,0
745,200,0
746,64,1
747,158,1
748,101,0
749,127,0
750,78,0
751,58,1
752,87,0
753,200,0
754,173,1
755,133,1
756,82,0
757,115,1
758,200,0
759,200,0
760,107,0
761,200,0
762,200,0
763,200,0
764,121,1
765,200,0
766,140,0
767,200,0
768,200,0
769,200,0
770,195,1
771,200,0
772,200,0
773,200,0
774,16,0
775,200,0
776,18,0
777,54,0
778,200,0
779,200,0
780,58,1
781,200,0
782,69,0
783,200,0
784,100,1
785,200,0
786,200,0
787,200,0
788,200,0
789,124,0
790,189,1
791,200,0
792,152,0
793,37,0
794,182,1
795,107,0
796,185,1
797,134,0
798,13,0
799,128,0
800,76,0
801,24,0
802,128,1
803,200,0
804,200,0
805,125,0
806,30,0
807,160,0
808,200,0
809,54,1
810,200,0
811,96,1
812,148,1
813,93,0
814,122,1
815,200,0
816,200,0
817,200,0
818,200,0
819,164,1
820,58,0
821,22,0
822,200,0
823,200,0
824,49,0
825,200,0
826,200,0
827,19,0
828,88,1
829,109,1
830,149,1
831,186,1
832,97,0
833,187,0
834,49,1
835,77,0
836,109,1
837,116,0
838,200,0
839,185,1
840,114,1
841,144,1
842,200,0
843,80,0
844,200,0
845,119,0
846,71,0
847,200,0
848,153,0
849,76,1
850,200,0
851,200,0
852,200,0
853,60,1
854,200,0
855,151,1
856,200,0
857,193,1
858,57,0
859,173,0
860,114,0
861,127,0
862,200,0
863,200,0
864,200,0
865,61,0
866,49,0
867,169,1
868,200,0
869,200,0
870,185,1
871,200,0
872,165,1
873,133,1
874,48,0
875,74,1
876,200,0
877,200,0
878,59,1
879,50,0
880,50,0
881,199,1
882,200,0
883,163,1
884,200,0
885,200,0
886,81,0
887,130,0
888,200,0
889,200,0
890,54,1
891,200,0
892,200,0
893,200,0
894,88,1
895,50,1
896,150,1
897,52,1
898,28,0
899,26,1
900,200,0
901,200,0
902,200,0
903,69,1
904,55,0
905,103,1
906,100,1
907,200,0
908,151,1
909,149,1
910,200,0
911,200,0
912,200,0
913,46,1
914,115,1
915,64,1
916,174,1
917,200,0
918,200,0
919,200,0
920,72,0
921,26,1
922,33,0
923,200,0
924,58,0
925,140,0
926,200,0
927,141,1
928,200,0
929,200,0
930,87,0
931,187,0
932,17,0
933,75,1
934,200,0
935,200,0
936,76,1
937,200,0
938,155,1
939,63,0
940,63,1
941,200,0
942,52,1
943,88,0
944,88,1
945,200,0
946,200,0
947,138,1
948,121,1
949,200,0
950,157,0
951,125,1
952,48,1
953,74,0
954,88,1
955,200,0
956,200,0
957,134,1
958,97,0
959,20,0
960,200,0
961,192,1
962,141,0
963,200,0
964,66,1
965,179,1
966,158,1
967,47,0
968,116,0
969,200,0
970,200,0
971,166,1
972,113,1
973,156,0
974,123,1
975,136,0
976,200,0
977,185,1
978,200,0
979,31,0
980,200,0
981,87,1
982,200,0
983,200,0
984,101,0
985,47,1
986,200,0
987,200,0
988,107,1
989,141,1
990,13,0
991,200,0
992,38,1
993,200,0
994,56,0
995,181,1
996,67,1
997,200,0
998,131,1
999,68,1
1000,200,0
1001,200,0
1002,200,0
1003,193,0
1004,200,0
1005,200,0
1006,200,0
1007,23,0
1008,65,1
1009,200,0
1010,200,0
1011,155,0
1012,181,0
1013,165,1
1014,200,0
1015,34,1
1016,26,0
1017,153,1
1018,200,0
1019,116,1
1020,200,0
1021,200,0
1022,122,1
1023,200,0
1024,143,1
1025,200,0
1026,84,0
1027,183,1
1028,200,0
1029,200,0
1030,200,0
1031,112,1
1032,200,0
1033,22,0
1034,200,0
1035,137,1
1036,160,1
1037,200,0
1038,80,0
1039,200,0
1040,141,1
1041,40,0
1042,98,1
1043,102,1
1044,74,0
1045,102,0
1046,110,1
1047,117,1
1048,87,1
1049,158,1
1050,129,1
1051,200,0
1052,173,0
1053,200,0
1054,39,0
1055,89,1
1056,76,1
1057,44,1
1058,200,0
1059,200,0
1060,78,1
1061,200,0
1062,200,0
1063,40,0
1064,200,0
1065,200,0
1066,200,0
1067,91,0
1068,120,1
1069,200,0
1070,200,0
1071,106,1
1072,200,0
1073,130,1
1074,189,1
1075,189,1
1076,53,1
1077,116,1
1078,132,1
1079,90,1
1080,33,0
1081,200,0
1082,200,0
1083,75,0
1084,95,0
1085,200,0
1086,200,0
1087,200,0
1088,83,1
1089,79,0
1090,70,1
1091,26,0
1092,200,0
1093,195,1
1094,200,0
1095,97,1
1096,200,0
1097,196,0
1098,71,0
1099,200,0
1100,134,1
1101,200,0
1102,200,0
1103,200,0
1104,125,1
1105,121,1
1106,78,0
1107,200,0
1108,130,1
1109,200,0
1110,200,0
1111,200,0
1112,200,0
1113,200,0
1114,105,0
1115,200,0
1116,200,0
1117,178,1
1118,81,1
1119,54,0
1120,114,1
1121,153,1
1122,62,1
1123,83,1
1124,77,0
1125,144,1
1126,149,0
1127,55,1
1128,131,1
1129,200,0
1130,161,1
1131,159,1
1132,200,0
1133,182,0
1134,200,0
1135,200,0
1136,200,0
1137,87,1
1138,182,1
1139,200,0
1140,200,0
1141,200,0
1142,200,0
1143,127,0
1144,200,0
1145,102,0
1146,174,1
1147,83,1
1148,185,1
1149,92,1
1150,44,0
1151,200,0
1152,97,1
1153,39,0
1154,38,1
1155,88,0
1156,200,0
1157,124,0
1158,200,0
1159,109,0
1160,18,0
1161,200,0
1162,52,1
1163,200,0
1164,116,1
1165,71,1
1166,200,0
1167,200,0
1168,51,0
1169,200,0
1170,183,1
1171,200,0
1172,156,1
1173,80,1
1174,117,1
1175,102,1
1176,177,1
1177,67,0
1178,200,0
1179,200,0
1180,73,1
1181,15,0
1182,32,0
1183,200,0
1184,187,1
1185,200,0
1186,63,0
1187,200,0
1188,45,1
1189,200,1
1190,200,0
1191,200,0
1192,46,0
1193,200,0
1194,59,1
1195,111,1
1196,200,0
1197,200,0
1198,184,1
1199,200,0
1200,17,0
1201,153,0
1202,200,0
1203,200,0
1204,195,1
1205,200,0
1206,154,0
1207,200,0
1208,86,1
1209,129,1
1210,200,0
1211,167,1
1212,200,0
1213,200,0
1214,200,0
1215,74,1
1216,138,1
1217,175,0
1218,200,0
1219,105,1
1220,125,0
1221,200,0
1222,200,0
1223,200,0
1224,200,0
1225,95,1
1226,200,0
1227,200,0
1228,200,0
1229,200,0
1230,200,0
1231,29,0
1232,200,0
1233,95,0
1234,23,0
1235,136,1
1236,178,1
1237,200,0
1238,32,1
1239,91,1
1240,200,0
1241,21,0
1242,200,0
1243,200,0
1244,108,1
1245,67,0
1246,200,0
1247,52,1
1248,200,0
1249,180,1
1250,200,0
1251,102,0
1252,200,0
1253,176,0
1254,49,0
1255,200,0
1256,200,0
1257,164,1
1258,200,0
1259,200,0
1260,97,1
1261,197,1
1262,200,0
1263,200,0
1264,200,0
1265,186,1
1266,200,0
1267,15,0
1268,200,0
1269,200,0
1270,200,0
1271,200,0
1272,200,0
1273,200,0
1274,200,0
1275,200,0
1276,200,0
1277,200,0
1278,105,1
1279,200,0
1280,200,0
1281,64,0
1282,180,1
1283,200,0
1284,199,1
1285,93,1
1286,106,1
1287,167,1
1288,200,0
1289,200,0
1290,181,1
1291,75,1
1292,200,0
1293,200,0
1294,104,1
1295,200,0
1296,100,1
1297,85,1
1298,85,0
1299,16,0
1300,200,0
1301,121,1
1302,16,1
1303,190,1
1304,200,0
1305,136,0
1306,200,0
1307,200,0
1308,32,0
1309,164,1
1310,88,1
1311,200,0
1312,108,1
1313,200,0
1314,60,0
1315,92,1
1316,174,1
1317,200,0
1318,17,0
1319,112,1
1320,60,1
1321,44,0
1322,122,1
1323,200,0
1324,58,1
1325,200,0
1326,200,0
1327,200,0
1328,183,1
1329,94,1
1330,200,0
1331,105,1
1332,36,0
1333,45,1
1334,91,1
1335,200,0
1336,23,0
1337,200,0
1338,200,0
1339,200,0
1340,200,0
1341,154,1
1342,147,1
1343,200,0
1344,200,0
1345,21,0
1346,191,1
1347,183,1
1348,47,0
1349,200,0
1350,178,1
1351,38,0
1352,200,0
1353,119,1
1354,151,1
1355,200,0
1356,200,0
1357,188,1
1358,200,0
1359,173,1
1360,200,0
1361,104,1
1362,200,0
1363,197,1
1364,57,0
1365,129,1
1366,63,1
1367,170,1
1368,142,1
1369,200,0
1370,200,0
1371,12,0
1372,76,1
1373,165,0
1374,75,0
1375,123,1
1376,121,0
1377,200,0
1378,200,0
1379,64,1
1380,200,0
1381,200,0
1382,77,1
1383,109,1
1384,131,0
1385,38,1
1386,89,1
1387,200,0
1388,200,0
1389,200,0
1390,200,0
1391,62,0
1392,100,1
1393,77,1
1394,200,0
1395,78,0
1396,200,0
1397,81,1
1398,200,0
1399,30,0
1400,161,1
1401,58,1
1402,131,1
1403,168,0
1404,200,0
1405,200,0
1406,179,1
1407,49,0
1408,200,0
1409,65,1
1410,200,0
1411,200,0
1412,200,0
1413,200,0
1414,200,0
1415,200,0
1416,200,0
1417,200,0
1418,200,0
1419,200,0
1420,157,1
1421,200,0
1422,200,0
1423,200,0
1424,36,0
1425,200,0
1426,45,0
1427,64,0
1428,151,1
1429,200,0
1430,30,0
1431,200,0
1432,83,0
1433,200,0
1434,200,0
1435,200,0
1436,75,1
1437,81,1
1438,143,1
1439,200,0
1440,200,0
1441,78,1
1442,200,0
1443,165,1
1444,131,0
1445,200,0
1446,27,0
1447,200,0
1448,46,1
1449,75,1
1450,92,0
1451,188,1
1452,74,1
1453,200,0
1454,200,0
1455,144,0
1456,112,0
1457,200,0
1458,53,1
1459,110,1
1460,165,1
1461,200,0
1462,78,1
1463,200,0
1464,200,0
1465,84,1
1466,200,0
1467,55,0
1468,114,1
1469,200,0
1470,61,0
1471,200,0
1472,175,1
1473,50,1
1474,193,1
1475,200,0
1476,75,1
1477,57,0
1478,133,1
1479,200,0
1480,200,0
1481,162,1
1482,137,1
1483,140,1
1484,40,1
1485,72,1
1486,200,0
1487,200,0
1488,200,0
1489,200,0
1490,83,0
1491,38,1
1492,83,1
1493,200,0
1494,200,0
1495,179,1
1496,200,0
1497,123,0
1498,200,0
1499,200,0
1500,111,1
1501,200,0
1502,200,0
1503,71,1
1504,200,0
1505,200,0
1506,101,1
1507,126,1
1508,39,1
1509,116,1
1510,200,0
1511,103,1
1512,150,1
1513,78,1
1514,157,1
1515,200,0
1516,42,1
1517,90,1
1518,151,1
1519,200,0
1520,200,0
1521,200,0
1522,138,0
1523,164,1
1524,200,0
1525,22,0
1526,165,1
1527,69,1
1528,189,1
1529,200,0
1530,200,0
1531,142,1
1532,98,1
1533,32,1
1534,34,0
1535,200,0
1536,182,1
1537,200,0
1538,121,1
1539,200,0
1540,200,0
1541,42,0
1542,200,0
1543,200,0
1544,200,0
1545,200,0
1546,200,0
1547,101,0
1548,106,1
1549,117,1
1550,71,1
1551,70,1
1552,50,1
1553,18,0
1554,200,0
1555,200,0
1556,25,1
1557,200,0
1558,200,0
1559,195,1
1560,133,1
1561,200,0
1562,200,0
1563,200,0
1564,58,0
1565,200,0
1566,200,0
1567,200,0
1568,195,1
1569,200,0
1570,200,0
1571,175,1
1572,128,1
1573,124,1
1574,121,1
1575,124,1
1576,200,0
1577,200,0
1578,200,0
1579,37,0
1580,93,1
1581,200,0
1582,135,0
1583,142,1
1584,111,1
1585,200,0
1586,200,0
1587,175,1
1588,24,0
1589,200,0
1590,200,0
1591,163,1
1592,90,1
1593,200,0
1594,105,0
1595,105,1
1596,70,1
1597,148,1
1598,200,0
1599,200,0
1600,135,1
1601,200,0
1602,63,0
1603,200,0
1604,200,0
1605,98,1
1606,94,1
1607,200,0
1608,200,0
1609,99,1
1610,104,1
1611,200,0
1612,200,0
1613,78,1
1614,200,0
1615,200,0
1616,174,1
1617,33,0
1618,84,1
1619,200,0
1620,107,0
1621,108,1
1622,200,0
1623,162,1
1624,54,1
1625,44,1
1626,182,0
1627,99,1
1628,66,1
1629,200,0
1630,100,1
1631,200,0
1632,171,1
1633,103,1
1634,148,0
1635,200,0
1636,132,1
1637,23,0
1638,71,1
1639,153,1
1640,200,0
1641,200,0
1642,200,0
1643,200,0
1644,28,0
1645,184,1
1646,200,0
1647,200,0
1648,92,0
1649,88,1
1650,168,1
1651,200,0
1652,66,1
1653,200,0
1654,200,0
1655,200,0
1656,16,0
1657,200,0
1658,70,1
1659,105,1
1660,111,0
1661,200,0
1662,175,1
1663,200,0
1664,200,0
1665,195,1
1666,131,1
1667,194,1
1668,127,1
1669,200,0
1670,199,0
1671,175,1
1672,145,1
1673,200,0
1674,200,0
1675,45,0
1676,46,1
1677,125,1
1678,105,0
1679,200,0
1680,176,1
1681,174,1
1682,24,0
1683,106,1
1684,55,1
1685,108,1
1686,196,1
1687,200,0
1688,200,0
1689,200,0
1690,184,1
1691,96,0
1692,200,0
1693,118,0
1694,89,0
1695,200,0
1696,113,1
1697,200,0
1698,142,1
1699,200,0
1700,152,1
1701,200,0
1702,200,0
1703,200,0
1704,200,0
1705,200,0
1706,170,1
1707,13,0
1708,184,0
1709,200,0
1710,100,1
1711,200,0
1712,17,0
1713,200,0
1714,200,0
1715,77,1
1716,200,0
1717,200,0
1718,99,1
1719,145,1
1720,200,0
1721,200,0
1722,95,1
1723,200,0
1724,200,0
1725,200,0
1726,200,0
1727,103,1
1728,200,0
1729,27,0
1730,160,1
1731,200,0
1732,200,0
1733,77,1
1734,200,0
1735,143,0
1736,72,1
1737,125,1
1738,200,0
1739,139,0
1740,148,1
1741,146,1
1742,200,0
1743,200,0
1744,182,1
1745,200,0
1746,59,1
1747,122,1
1748,38,0
1749,78,1
1750,21,0
1751,200,0
1752,200,0
1753,86,1
1754,167,1
1755,134,1
1756,200,0
1757,26,0
1758,128,1
1759,200,0
1760,200,0
1761,154,1
1762,144,1
1763,200,0
1764,200,0
1765,30,1
1766,18,0
1767,63,1
1768,109,0
1769,200,0
1770,200,0
1771,80,0
1772,200,0
1773,200,0
1774,200,0
1775,200,0
1776,66,1
1777,200,0
1778,200,0
1779,200,0
1780,102,1
1781,200,0
1782,116,1
1783,200,0
1784,153,1
1785,200,0
1786,105,0
1787,200,0
1788,186,1
1789,65,1
1790,164,1
1791,200,0
1792,144,1
1793,200,0
1794,74,1
1795,101,1
1796,83,0
1797,61,1
1798,200,0
1799,79,0
1800,71,1
1801,141,0
1802,91,1
1803,200,0
1804,125,1
1805,158,1
1806,35,1
1807,121,0
1808,38,1
1809,99,1
1810,200,0
1811,194,1
1812,98,1
1813,174,1
1814,53,1
1815,200,0
1816,83,1
1817,189,1
1818,200,0
1819,200,0
1820,156,1
1821,159,1
1822,126,1
1823,49,1
1824,51,1
1825,67,1
1826,200,0
1827,200,0
1828,200,0
1829,185,1
1830,84,0
1831,160,1
1832,155,1
1833,200,0
1834,200,0
1835,171,1
1836,200,0
1837,200,0
1838,200,0
1839,69,1
1840,81,1
1841,126,1
1842,50,1
1843,200,0
1844,191,1
1845,57,0
1846,200,0
1847,55,1
1848,96,1
1849,200,0
1850,171,1
1851,80,1
1852,112,1
1853,114,1
1854,142,1
1855,200,0
1856,105,1
1857,86,0
1858,200,0
1859,200,0
1860,200,0
1861,200,0
1862,70,1
1863,167,1
1864,77,1
1865,101,0
1866,159,1
1867,200,0
1868,200,0
1869,138,1
1870,49,1
1871,200,0
1872,200,0
1873,200,0
1874,102,1
1875,111,1
1876,200,0
1877,200,0
1878,87,0
1879,200,0
1880,117,1
1881,90,1
1882,200,0
1883,56,1
1884,81,1
1885,76,1
1886,173,0
1887,199,1
1888,66,1
1889,138,0
1890,120,1
1891,200,0
1892,108,1
1893,110,1
1894,161,1
1895,200,0
1896,200,0
1897,200,0
1898,200,0
1899,200,0
1900,200,0
1901,200,0
1902,9,0
1903,39,1
1904,61,1
1905,167,1
1906,200,0
1907,61,1
1908,58,1
1909,200,0
1910,121,1
1911,114,1
1912,172,1
1913,61,1
1914,200,0
1915,38,0
1916,200,0
1917,200,0
1918,97,1
1919,64,1
1920,200,0
1921,200,0
1922,200,0
1923,42,0
1924,200,0
1925,57,1
1926,200,0
1927,155,1
1928,28,0
1929,200,0
1930,200,0
1931,189,1
1932,140,0
1933,49,1
1934,200,0
1935,200,0
1936,108,1
1937,126,1
1938,78,1
1939,126,1
1940,78,1
1941,161,1
1942,200,0
1943,67,1
1944,29,1
1945,196,1
1946,57,0
1947,200,0
1948,192,1
1949,200,0
1950,200,1
1951,80,0
1952,200,0
1953,90,1
1954,200,0
1955,200,0
1956,200,0
1957,96,1
1958,200,0
1959,200,0
1960,129,1
1961,85,1
1962,25,0
1963,71,0
1964,186,1
1965,200,0
1966,110,1
1967,200,0
1968,122,1
1969,111,1
1970,59,1
1971,200,0
1972,127,0
1973,200,0
1974,200,0
1975,100,1
1976,13,0
1977,81,0
1978,49,1
1979,200,0
1980,200,0
1981,123,1
1982,96,1
1983,200,0
1984,161,0
1985,200,0
1986,172,1
1987,164,1
1988,192,1
1989,200,0
1990,200,0
1991,128,1
1992,200,0
1993,64,1
1994,200,0
1995,75,1
1996,83,1
1997,200,0
1998,200,0
1999,200,0
2000,96,1
2001,200,0
2002,88,1
2003,143,1
2004,200,0
2005,200,0
2006,46,1
2007,44,1
2008,139,1
2009,132,1
2010,41,1
2011,200,0
2012,104,1
2013,200,0
2014,200,0
2015,130,0
2016,10,0
2017,200,0
2018,109,0
2019,200,0
2020,108,1
2021,104,1
2022,188,0
2023,200,0
2024,200,0
2025,146,1
2026,194,1
2027,200,0
2028,103,1
2029,37,1
2030,200,0
2031,174,1
2032,79,1
2033,163,1
2034,115,1
2035,127,1
2036,92,0
2037,78,1
2038,200,0
2039,200,0
2040,200,0
2041,152,0
2042,200,0
2043,200,0
2044,200,0
2045,118,1
2046,128,1
2047,84,1
2048,66,1
2049,200,0
2050,173,1
2051,26,0
2052,63,1
2053,200,0
2054,66,1
2055,85,1
2056,85,1
2057,150,1
2058,136,1
2059,63,1
2060,175,1
2061,126,1
2062,53,0
2063,200,0
2064,200,0
2065,200,0
2066,42,0
2067,200,0
2068,99,1
2069,115,1
2070,179,1
2071,104,1
2072,200,0
2073,10,0
2074,200,0
2075,200,0
2076,200,0
2077,200,0
2078,48,1
2079,143,0
2080,181,1
2081,78,0
2082,197,1
2083,200,0
2084,200,0
2085,176,0
2086,200,0
2087,200,0
2088,114,1
2089,160,1
2090,103,0
2091,124,1
2092,157,1
2093,200,0
2094,13,0
2095,29,0
2096,200,0
2097,160,0
2098,165,1
2099,200,0
2100,177,0
2101,200,0
2102,124,1
2103,200,0
2104,200,0
2105,60,0
2106,200,0
2107,199,1
2108,167,0
2109,153,1
2110,140,1
2111,130,1
2112,128,1
2113,200,0
2114,64,1
2115,200,0
2116,77,0
2117,200,0
2118,200,0
2119,200,0
2120,151,1
2121,200,0
2122,68,1
2123,108,1
2124,200,0
2125,111,1
2126,200,0
2127,94,1
2128,182,1
2129,199,1
2130,174,1
2131,162,1
2132,200,0
2133,124,0
2134,191,0
2135,79,0
2136,200,0
2137,200,0
2138,81,1
2139,175,1
2140,151,1
2141,131,1
2142,159,1
2143,200,0
2144,200,0
2145,200,0
2146,200,0
2147,32,1
2148,82,1
2149,23,0
2150,45,0
2151,39,0
2152,110,1
2153,66,1
2154,200,0
2155,200,0
2156,96,1
2157,170,1
2158,183,1
2159,171,1
2160,81,1
2161,184,1
2162,200,0
2163,200,0
2164,37,0
2165,114,1
2166,84,1
2167,106,0
2168,200,0
2169,121,1
2170,200,0
2171,132,1
2172,200,0
2173,200,0
2174,200,0
2175,200,0
2176,200,0
2177,133,0
2178,128,1
2179,200,0
2180,60,1
2181,156,1
2182,200,0
2183,168,1
2184,200,0
2185,174,1
2186,168,1
2187,133,0
2188,200,0
2189,65,0
2190,200,0
2191,200,0
2192,56,1
2193,200,0
2194,200,0
2195,200,0
2196,140,0
2197,200,0
2198,200,0
2199,200,0
2200,200,0
2201,54,1
2202,143,1
2203,200,0
2204,69,1
2205,200,0
2206,116,0
2207,76,1
2208,179,1
2209,106,1
2210,51,0
2211,178,1
2212,108,1
2213,76,1
2214,95,1
2215,77,1
2216,164,0
2217,121,1
2218,131,1
2219,200,0
2220,200,0
2221,96,0
2222,200,0
2223,14,0
2224,184,1
2225,90,1
2226,114,1
2227,97,1
2228,140,1
2229,200,0
2230,50,1
2231,124,1
2232,147,1
2233,103,1
2234,42,1
2235,42,0
2236,200,0
2237,61,1
2238,110,1
2239,200,0
2240,40,0
2241,116,1
2242,132,1
2243,111,1
2244,200,0
2245,50,1
2246,11,0
2247,97,1
2248,77,1
2249,200,0
2250,197,1
2251,200,0
2252,137,1
2253,107,1
2254,130,1
2255,200,0
2256,29,0
2257,200,0
2258,103,1
2259,200,0
2260,200,0
2261,106,1
2262,54,1
2263,200,0
2264,194,1
2265,97,1
2266,200,0
2267,97,1
2268,200,0
2269,179,1
2270,181,1
2271,68,1
2272,163,0
2273,200,0
2274,200,0
2275,200,0
2276,85,1
2277,86,1
2278,97,1
2279,67,1
2280,55,1
2281,200,0
2282,161,1
2283,200,0
2284,192,1
2285,200,0
2286,177,1
2287,181,1
2288,200,0
2289,200,0
2290,45,0
2291,69,1
2292,200,0
2293,181,1
2294,124,1
2295,134,1
2296,200,0
2297,80,0
2298,72,1
2299,13,0
2300,101,1
2301,112,1
2302,102,1
2303,76,0
2304,117,1
2305,151,1
2306,82,1
2307,200,0
2308,129,1
2309,186,1
2310,200,0
2311,200,0
2312,63,1
2313,197,1
2314,200,0
2315,196,1
2316,200,0
2317,42,1
2318,148,1
2319,90,1
2320,34,1
2321,121,0
2322,102,1
2323,200,0
2324,200,0
2325,200,0
2326,200,0
2327,200,0
2328,62,1
2329,178,1
2330,200,0
2331,200,0
2332,107,1
2333,157,1
2334,200,0
2335,52,1
2336,112,1
2337,70,0
2338,79,0
2339,35,1
2340,179,1
2341,80,1
2342,200,0
2343,200,0
2344,68,1
2345,76,1
2346,123,1
2347,152,1
2348,160,1
2349,200,0
2350,200,0
2351,67,1
2352,142,1
2353,200,0
2354,103,1
2355,89,1
2356,144,1
2357,200,0
2358,200,0
2359,113,1
2360,200,0
2361,179,1
2362,105,1
2363,50,0
2364,14,0
2365,100,1
2366,31,0
2367,200,0
2368,58,1
2369,200,0
2370,200,0
2371,200,0
2372,81,1
2373,200,0
2374,180,1
2375,46,0
2376,108,0
2377,132,1
2378,200,0
2379,168,1
2380,200,0
2381,200,0
2382,86,1
2383,136,0
2384,132,1
2385,119,1
2386,200,0
2387,167,1
2388,200,0
2389,33,1
2390,180,1
2391,104,0
2392,200,0
2393,200,0
2394,135,1
2395,111,1
2396,139,1
2397,200,0
2398,89,1
2399,172,1
2400,200,0
2401,23,1
2402,200,0
2403,114,1
2404,200,0
2405,144,1
2406,200,0
2407,50,1
2408,200,0
2409,153,1
2410,168,1
2411,109,1
2412,154,1
2413,80,1
2414,74,1
2415,170,1
2416,154,1
2417,84,1
2418,200,0
2419,147,1
2420,200,0
2421,64,1
2422,113,1
2423,200,0
2424,200,0
2425,200,0
2426,167,1
2427,74,1
2428,200,0
2429,104,1
2430,77,1
2431,98,0
2432,107,0
2433,131,0
2434,200,0
2435,149,1
2436,155,0
2437,165,1
2438,200,0
2439,71,1
2440,200,0
2441,52,1
2442,125,1
2443,75,1
2444,200,0
2445,125,1
2446,60,0
2447,54,1
2448,200,0
2449,106,1
2450,200,0
2451,200,0
2452,30,0
2453,82,1
2454,120,1
2455,200,0
2456,95,1
2457,200,0
2458,178,0
2459,157,1
2460,200,0
2461,139,1
2462,148,1
2463,102,1
2464,200,0
2465,200,0
2466,200,0
2467,200,0
2468,161,1
2469,200,0
2470,102,1
2471,90,0
2472,42,1
2473,200,0
2474,89,1
2475,200,0
2476,121,1
2477,101,1
2478,174,1
2479,200,0
2480,69,1
2481,200,0
2482,200,0
2483,200,0
2484,200,0
2485,115,1
2486,200,0
2487,148,1
2488,187,1
2489,200,0
2490,85,1
2491,74,1
2492,200,0
2493,200,0
2494,200,0
2495,99,0
2496,47,1
2497,200,0
2498,13,0
2499,200,0
2500,172,1
2501,200,0
2502,160,1
2503,84,0
2504,111,1
2505,46,1
2506,180,0
2507,155,0
2508,200,0
2509,197,1
2510,200,0
2511,200,0
2512,200,0
2513,180,1
2514,75,1
2515,145,1
2516,62,0
2517,39,1
2518,94,1
2519,200,0
2520,200,0
2521,160,1
2522,200,0
2523,200,0
2524,76,1
2525,200,0
2526,85,1
2527,57,1
2528,44,0
2529,200,0
2530,59,1
2531,74,1
2532,102,1
2533,147,1
2534,69,1
2535,200,0
2536,60,1
2537,63,1
2538,151,1
2539,140,1
2540,151,1
2541,121,1
2542,187,1
2543,113,1
2544,140,0
2545,82,1
2546,200,0
2547,200,0
2548,200,0
2549,200,0
2550,179,1
2551,200,0
2552,67,1
2553,66,1
2554,200,0
2555,73,1
2556,86,1
2557,50,1
2558,67,1
2559,166,1
2560,80,1
2561,68,1
2562,139,1
2563,112,1
2564,200,0
2565,52,0
2566,48,1
2567,56,0
2568,200,0
2569,130,1
2570,107,1
2571,52,1
2572,71,0
2573,185,1
2574,200,0
2575,104,1
2576,200,0
2577,200,0
2578,200,0
2579,95,1
2580,113,1
2581,168,1
2582,83,0
2583,200,0
2584,200,0
2585,137,1
2586,200,0
2587,200,0
2588,162,0
2589,128,1
2590,145,1
2591,191,1
2592,200,0
2593,97,1
2594,133,1
2595,50,0
2596,200,0
2597,200,0
2598,77,1
2599,179,1
2600,129,1
2601,179,1
2602,200,0
2603,70,1
2604,100,1
2605,188,1
2606,199,1
2607,101,1
2608,89,1
2609,30,0
2610,200,0
2611,70,1
2612,79,0
2613,200,0
2614,200,0
2615,101,0
2616,188,1
2617,116,0
2618,40,0
2619,200,0
2620,136,0
2621,96,1
2622,200,0
2623,200,0
2624,200,0
2625,130,0
2626,200,0
2627,120,1
2628,156,1
2629,200,0
2630,103,1
2631,172,1
2632,170,1
2633,200,0
2634,57,1
2635,162,1
2636,60,1
2637,77,1
2638,120,1
2639,78,1
2640,200,0
2641,200,0
2642,200,0
2643,125,1
2644,23,0
2645,198,1
2646,171,0
2647,200,0
2648,191,1
2649,72,1
2650,10,0
2651,142,0
2652,200,0
2653,61,0
2654,200,0
2655,200,0
2656,56,0
2657,119,0
2658,200,0
2659,200,0
2660,83,1
2661,100,1
2662,200,0
2663,200,0
2664,131,1
2665,34,1
2666,72,1
2667,200,0
2668,200,0
2669,200,0
2670,198,1
2671,200,0
2672,82,1
2673,144,1
2674,200,0
2675,200,0
2676,152,0
2677,186,1
2678,89,1
2679,104,1
2680,200,0
2681,160,1
2682,154,1
2683,88,1
2684,200,0
2685,200,0
2686,196,1
2687,200,0
2688,200,0
2689,122,1
2690,14,0
2691,64,1
2692,200,0
2693,104,1
2694,200,0
2695,200,0
2696,162,1
2697,54,0
2698,92,1
2699,200,0
2700,200,0
2701,200,0
2702,126,1
2703,122,1
2704,200,0
2705,81,1
2706,70,1
2707,123,1
2708,200,0
2709,61,1
2710,200,0
2711,200,0
2712,150,1
2713,84,1
2714,157,1
2715,155,1
2716,60,1
2717,181,1
2718,89,1
2719,177,1
2720,200,0
2721,73,1
2722,64,0
2723,77,1
2724,105,1
2725,76,0
2726,104,0
2727,200,0
2728,62,1
2729,108,1
2730,77,1
2731,80,0
2732,148,1
2733,200,0
2734,52,1
2735,200,0
2736,200,0
2737,73,1
2738,200,0
2739,69,1
2740,200,0
2741,167,1
2742,81,0
2743,111,0
2744,200,0
2745,76,1
2746,134,0
2747,80,0
2748,200,0
2749,43,1
2750,106,1
2751,181,1
2752,200,0
2753,200,0
2754,128,1
2755,72,1
2756,200,0
2757,158,1
2758,200,0
2759,149,0
2760,200,0
2761,68,1
2762,200,0
2763,69,1
2764,200,0
2765,170,1
2766,153,1
2767,200,0
2768,200,0
2769,64,1
2770,117,1
2771,91,1
2772,200,0
2773,63,1
2774,179,1
2775,107,1
2776,25,0
2777,43,0
2778,45,0
2779,176,1
2780,200,0
2781,200,0
2782,200,0
2783,71,1
2784,200,0
2785,124,1
2786,200,0
2787,200,0
2788,140,1
2789,200,0
2790,200,0
2791,95,0
2792,200,0
2793,200,0
2794,200,0
2795,200,0
2796,200,0
2797,156,1
2798,138,1
2799,200,0
2800,71,1
2801,200,0
2802,200,0
2803,75,0
2804,134,1
2805,200,0
2806,59,1
2807,200,1
2808,200,0
2809,83,1
2810,200,0
2811,146,1
2812,137,1
2813,200,0
2814,110,1
2815,110,0
2816,200,0
2817,155,0
2818,200,0
2819,161,1
2820,63,0
2821,200,0
2822,176,1
2823,200,0
2824,200,0
2825,200,0
2826,200,0
2827,157,1
2828,200,0
2829,62,1
2830,122,1
2831,200,0
2832,31,0
2833,53,1
2834,200,0
2835,39,1
2836,24,1
2837,98,0
2838,167,1
2839,200,0
2840,62,1
2841,154,1
2842,114,1
2843,132,1
2844,200,0
2845,133,1
2846,173,1
2847,72,1
2848,76,1
2849,81,1
2850,169,1
2851,49,1
2852,81,1
2853,62,1
2854,41,1
2855,61,1
2856,89,1
2857,115,1
2858,134,0
2859,58,0
2860,89,1
2861,175,1
2862,66,1
2863,200,0
2864,119,1
2865,139,1
2866,75,1
2867,90,1
2868,82,1
2869,116,1
2870,114,1
2871,136,1
2872,108,0
2873,94,1
2874,200,0
2875,200,0
2876,200,0
2877,44,1
2878,114,1
2879,200,0
2880,90,1
2881,200,0
2882,115,1
2883,200,0
2884,200,0
2885,200,0
2886,200,0
2887,123,1
2888,200,0
2889,185,1
2890,200,0
2891,111,1
2892,200,0
2893,120,1
2894,59,1
2895,20,1
2896,192,1
2897,64,1
2898,89,1
2899,200,0
2900,200,0
2901,54,1
2902,200,0
2903,173,1
2904,170,1
2905,78,1
2906,188,1
2907,172,1
2908,187,0
2909,200,0
2910,200,0
2911,26,0
2912,200,0
2913,200,0
2914,130,0
2915,200,0
2916,93,1
2917,200,0
2918,26,1
2919,200,0
2920,65,1
2921,200,0
2922,43,1
2923,104,1
2924,73,1
2925,56,1
2926,114,1
2927,182,1
2928,200,0
2929,109,0
2930,137,1
2931,200,0
2932,200,0
2933,200,0
2934,200,0
2935,103,1
2936,200,0
2937,200,0
2938,92,1
2939,113,1
2940,195,1
2941,200,0
2942,200,0
2943,200,0
2944,200,0
2945,200,0
2946,155,1
2947,133,1
2948,200,0
2949,45,1
2950,158,1
2951,200,0
2952,70,1
2953,191,1
2954,153,0
2955,200,0
2956,200,0
2957,92,1
2958,196,1
2959,89,1
2960,107,1
2961,195,1
2962,118,1
2963,177,1
2964,165,0
2965,62,1
2966,47,1
2967,200,0
2968,200,0
2969,35,1
2970,19,0
2971,94,1
2972,180,1
2973,127,1
2974,114,1
2975,200,0
2976,110,1
2977,200,0
2978,121,1
2979,200,0
2980,200,0
2981,186,1
2982,54,1
2983,186,1
2984,200,0
2985,200,0
2986,99,0
2987,114,0
2988,200,0
2989,88,1
2990,97,0
2991,200,0
2992,200,0
2993,189,1
2994,102,0
2995,200,0
2996,200,0
2997,197,1
2998,108,1
2999,166,1
3000,200,0
3001,157,1
3002,93,1
3003,200,0
3004,152,1
3005,200,0
3006,43,0
3007,200,0
3008,180,1
3009,200,0
3010,200,0
3011,87,1
3012,200,0
3013,200,0
3014,200,0
3015,106,0
3016,200,0
3017,200,0
3018,176,1
3019,200,0
3020,187,1
3021,73,1
3022,200,0
3023,193,1
3024,62,1
3025,200,0
3026,200,0
3027,193,1
3028,155,1
3029,83,1
3030,72,1
3031,138,1
3032,167,0
3033,151,1
3034,162,1
3035,200,0
3036,200,0
3037,86,1
3038,200,0
3039,136,0
3040,157,1
3041,200,0
3042,200,0
3043,139,1
3044,68,1
3045,200,0
3046,200,0
3047,137,1
3048,200,0
3049,200,0
3050,137,1
3051,200,0
3052,68,1
3053,200,0
3054,125,1
3055,40,1
3056,135,1
3057,200,0
3058,123,1
3059,200,0
3060,80,0
3061,19,0
3062,38,1
3063,132,1
3064,109,1
3065,200,0
3066,137,1
3067,200,0
3068,171,1
3069,195,1
3070,168,1
3071,200,0
3072,178,1
3073,140,1
3074,177,1
3075,169,1
3076,59,1
3077,77,1
3078,184,1
3079,141,1
3080,200,0
3081,149,1
3082,200,0
3083,200,0
3084,97,1
3085,89,0
3086,60,0
3087,118,0
3088,149,1
3089,200,0
3090,200,0
3091,123,1
3092,200,0
3093,200,0
3094,136,1
3095,200,0
3096,123,1
3097,145,1
3098,106,1
3099,152,1
3100,52,1
3101,55,0
3102,200,0
3103,200,0
3104,165,1
3105,200,0
3106,133,1
3107,130,1
3108,142,1
3109,89,1
3110,134,1
3111,183,1
3112,196,0
3113,200,0
3114,136,1
3115,130,1
3116,200,0
3117,200,0
3118,61,0
3119,121,1
3120,192,1
3121,194,1
3122,115,1
3123,135,1
3124,200,0
3125,24,0
3126,60,1
3127,153,1
3128,200,0
3129,22,0
3130,150,1
3131,200,0
3132,31,1
3133,15,0
3134,200,0
3135,143,1
3136,137,1
3137,172,1
3138,53,1
3139,104,1
3140,184,1
3141,116,1
3142,200,0
3143,77,1
3144,118,1
3145,149,0
3146,78,1
3147,112,1
3148,175,1
3149,129,1
3150,200,0
3151,132,1
3152,200,0
3153,186,1
3154,172,1
3155,137,1
3156,200,0
3157,180,1
3158,128,1
3159,200,0
3160,200,0
3161,194,1
3162,72,1
3163,55,1
3164,126,1
3165,125,1
3166,200,0
3167,24,0
3168,200,0
3169,161,1
3170,200,0
3171,200,0
3172,137,1
3173,180,1
3174,200,0
3175,105,0
3176,123,1
3177,200,0
3178,200,0
3179,96,1
3180,69,0
3181,179,1
3182,115,1
3183,200,0
3184,116,0
3185,200,0
3186,178,1
3187,200,0
3188,200,0
3189,140,1
3190,38,1
3191,176,1
3192,125,1
3193,95,1
3194,97,0
3195,82,1
3196,164,1
3197,121,0
3198,200,0
3199,69,1
3200,68,1
3201,45,1
3202,115,1
3203,194,1
3204,146,1
3205,65,0
3206,123,1
3207,200,0
3208,200,0
3209,63,1
3210,149,1
3211,200,0
3212,200,0
3213,200,0
3214,36,1
3215,47,0
3216,200,0
3217,188,1
3218,80,1
3219,180,1
3220,200,0
3221,50,1
3222,200,0
3223,200,0
3224,200,0
3225,180,1
3226,97,1
3227,194,0
3228,200,0
3229,200,0
3230,200,0
3231,133,1
3232,130,1
3233,200,0
3234,200,0
3235,200,0
3236,200,0
3237,200,0
3238,69,0
3239,200,0
3240,200,0
3241,68,1
3242,103,1
3243,105,1
3244,200,0
3245,99,1
3246,52,1
3247,126,1
3248,111,1
3249,123,1
3250,15,0
3251,129,1
3252,151,1
3253,147,1
3254,192,0
3255,150,1
3256,200,0
3257,168,1
3258,200,0
3259,200,0
3260,200,0
3261,185,1
3262,100,1
3263,54,1
3264,97,1
3265,38,0
3266,125,1
3267,119,1
3268,85,1
3269,47,1
3270,200,0
3271,200,0
3272,158,0
3273,72,1
3274,114,1
3275,88,1
3276,200,0
3277,200,0
3278,89,1
3279,200,0
3280,105,0
3281,110,1
3282,187,1
3283,200,0
3284,159,1
3285,128,1
3286,59,1
3287,87,1
3288,53,1
3289,54,1
3290,108,0
3291,76,0
3292,63,0
3293,178,1
3294,155,1
3295,160,1
3296,83,1
3297,200,0
3298,128,0
3299,69,1
3300,73,1
3301,88,1
3302,129,0
3303,200,0
3304,69,1
3305,148,1
3306,47,1
3307,200,0
3308,62,1
3309,56,0
3310,176,1
3311,128,1
3312,200,0
3313,46,1
3314,200,0
3315,200,0
3316,200,0
3317,69,1
3318,200,0
3319,89,1
3320,91,1
3321,200,0
3322,95,1
3323,200,0
3324,59,1
3325,123,1
3326,200,0
3327,103,1
3328,200,0
3329,200,0
3330,139,1
3331,200,0
3332,200,0
3333,131,1
3334,120,0
3335,200,0
3336,70,1
3337,200,0
3338,200,0
3339,189,1
3340,200,0
3341,118,1
3342,200,0
3343,124,1
3344,200,0
3345,106,1
3346,37,0
3347,200,0
3348,108,1
3349,179,1
3350,200,0
3351,158,1
3352,192,1
3353,64,1
3354,122,1
3355,40,1
3356,71,1
3357,133,1
3358,200,0
3359,109,1
3360,21,0
3361,158,1
3362,200,0
3363,174,1
3364,143,1
3365,200,0
3366,87,1
3367,123,1
3368,78,1
3369,200,0
3370,70,1
3371,180,1
3372,92,0
3373,200,0
3374,189,1
3375,200,0
3376,67,1
3377,200,0
3378,200,0
3379,200,0
3380,170,1
3381,200,0
3382,56,1
3383,200,0
3384,200,0
3385,149,1
3386,110,1
3387,53,1
3388,104,1
3389,172,1
3390,200,0
3391,200,0
3392,200,0
3393,60,0
3394,180,1
3395,200,0
3396,200,0
3397,110,1
3398,200,0
3399,94,1
3400,56,1
3401,97,1
3402,103,1
3403,48,1
3404,200,0
3405,125,1
3406,200,0
3407,151,1
3408,200,0
3409,200,0
3410,200,0
3411,111,0
3412,176,1
3413,118,1
3414,200,0
3415,142,1
3416,94,0
3417,142,1
3418,194,1
3419,146,1
3420,200,0
3421,44,1
3422,88,1
3423,200,0
3424,114,1
3425,200,0
3426,66,1
3427,200,0
3428,96,1
3429,200,0
3430,176,1
3431,95,0
3432,67,1
3433,69,1
3434,200,0
3435,87,1
3436,170,1
3437,58,1
3438,200,0
3439,104,1
3440,151,1
3441,164,1
3442,197,1
3443,57,1
3444,93,1
3445,131,1
3446,190,1
3447,200,0
3448,167,1
3449,66,1
3450,200,0
3451,200,0
3452,53,0
3453,171,1
3454,200,0
3455,62,1
3456,200,0
3457,11,0
3458,200,0
3459,200,0
3460,75,1
3461,132,1
3462,54,1
3463,200,0
3464,200,0
3465,88,1
3466,40,0
3467,200,0
3468,66,1
3469,123,1
3470,200,0
3471,119,1
3472,82,1
3473,89,1
3474,167,1
3475,76,1
3476,200,0
3477,39,1
3478,58,1
3479,146,1
3480,61,1
3481,200,0
3482,196,1
3483,38,1
3484,73,1
3485,79,1
3486,145,1
3487,200,0
3488,66,1
3489,200,0
3490,135,1
3491,91,1
3492,40,1
3493,163,1
3494,85,1
3495,44,1
3496,124,1
3497,62,1
3498,29,1
3499,200,0
3500,83,1
3501,31,1
3502,200,0
3503,123,1
3504,200,0
3505,73,1
3506,157,1
3507,101,1
3508,46,1
3509,46,1
3510,140,0
3511,164,1
3512,43,1
3513,128,1
3514,81,1
3515,200,0
3516,160,1
3517,76,0
3518,79,0
3519,200,0
3520,84,1
3521,200,0
3522,70,1
3523,112,1
3524,91,1
3525,84,1
3526,93,1
3527,108,1
3528,57,1
3529,88,1
3530,198,1
3531,200,0
3532,42,1
3533,198,1
3534,51,0
3535,55,1
3536,74,1
3537,78,1
3538,146,1
3539,194,1
3540,123,1
3541,167,1
3542,200,0
3543,81,1
3544,48,1
3545,200,0
3546,87,1
3547,200,0
3548,120,1
3549,50,1
3550,65,1
3551,37,1
3552,200,0
3553,200,0
3554,178,1
3555,183,1
3556,200,0
3557,131,1
3558,200,0
3559,200,0
3560,67,1
3561,175,1
3562,183,1
3563,112,1
3564,200,0
3565,127,1
3566,150,1
3567,200,0
3568,200,0
3569,200,0
3570,150,1
3571,200,0
3572,102,0
3573,25,0
3574,200,0
3575,200,0
3576,194,1
3577,196,1
3578,90,1
3579,51,1
3580,200,0
3581,135,1
3582,200,0
3583,54,0
3584,84,1
3585,200,0
3586,114,1
3587,116,1
3588,148,1
3589,183,1
3590,200,0
3591,93,1
3592,157,1
3593,71,1
3594,174,1
3595,70,1
3596,200,0
3597,200,0
3598,117,1
3599,200,0
3600,200,0
3601,100,1
3602,198,0
3603,200,0
3604,200,0
3605,185,1
3606,181,0
3607,15,0
3608,200,0
3609,200,0
3610,31,0
3611,98,1
3612,127,1
3613,113,1
3614,135,1
3615,185,1
3616,200,1
3617,102,1
3618,200,0
3619,117,1
3620,50,1
3621,95,1
3622,200,0
3623,120,1
3624,53,0
3625,28,0
3626,144,1
3627,191,1
3628,200,0
3629,200,0
3630,23,0
3631,200,0
3632,200,0
3633,200,0
3634,200,0
3635,58,1
3636,11,0
3637,200,0
3638,181,1
3639,100,1
3640,200,0
3641,128,1
3642,67,0
3643,11,0
3644,116,1
3645,200,0
3646,18,0
3647,67,0
3648,80,1
3649,45,1
3650,101,1
3651,79,1
3652,52,0
3653,110,1
3654,163,1
3655,45,0
3656,69,1
3657,132,1
3658,77,1
3659,151,1
3660,75,1
3661,113,1
3662,200,0
3663,133,1
3664,111,1
3665,168,1
3666,104,1
3667,56,1
3668,101,1
3669,200,0
3670,159,1
3671,200,0
3672,200,0
3673,122,1
3674,120,1
3675,128,0
3676,66,1
3677,186,1
3678,102,1
3679,66,1
3680,56,1
3681,200,0
3682,174,0
3683,154,1
3684,200,0
3685,100,1
3686,91,1
3687,143,1
3688,200,0
3689,200,0
3690,200,0
3691,43,0
3692,159,1
3693,67,1
3694,200,0
3695,200,0
3696,200,0
3697,106,1
3698,177,1
3699,58,1
3700,200,0
3701,34,0
3702,126,1
3703,97,1
3704,31,0
3705,76,1
3706,168,1
3707,105,1
3708,200,0
3709,200,0
3710,99,1
3711,200,0
3712,124,1
3713,200,0
3714,127,1
3715,200,0
3716,103,1
3717,148,1
3718,179,1
3719,131,1
3720,200,0
3721,130,0
3722,200,0
3723,93,1
3724,69,1
3725,200,0
3726,70,1
3727,200,0
3728,200,0
3729,178,1
3730,182,1
3731,86,1
3732,145,1
3733,200,0
3734,200,0
3735,200,0
3736,173,1
3737,181,1
3738,200,0
3739,119,1
3740,130,1
3741,200,0
3742,111,0
3743,119,1
3744,200,0
3745,141,1
3746,200,0
3747,48,1
3748,200,0
3749,148,1
3750,200,0
3751,200,0
3752,200,0
3753,47,0
3754,200,0
3755,39,0
3756,200,0
3757,126,1
3758,200,0
3759,118,1
3760,37,1
3761,61,1
3762,200,0
3763,123,1
3764,178,1
3765,135,0
3766,87,1
3767,186,1
3768,200,0
3769,86,1
3770,142,1
3771,62,1
3772,56,0
3773,200,0
3774,199,1
3775,200,0
3776,125,1
3777,113,1
3778,177,1
3779,140,1
3780,200,0
3781,87,1
3782,200,0
3783,200,0
3784,200,0
3785,88,1
3786,196,1
3787,200,0
3788,158,1
3789,141,1
3790,58,0
3791,200,0
3792,76,1
3793,70,1
3794,200,0
3795,73,1
3796,200,0
3797,141,1
3798,99,1
3799,200,0
3800,200,0
3801,200,0
3802,179,1
3803,29,1
3804,200,0
3805,200,0
3806,191,0
3807,196,1
3808,200,0
3809,167,1
3810,177,1
3811,200,0
3812,195,1
3813,200,0
3814,129,1
3815,173,1
3816,112,1
3817,200,0
3818,87,1
3819,200,0
3820,109,1
3821,62,0
3822,200,0
3823,126,1
3824,200,0
3825,108,1
3826,64,0
3827,98,1
3828,200,0
3829,96,1
3830,180,1
3831,200,0
3832,200,0
3833,200,0
3834,132,1
3835,200,0
3836,65,1
3837,50,1
3838,96,1
3839,200,0
3840,68,1
3841,166,1
3842,188,1
3843,58,1
3844,41,1
3845,26,1
3846,62,0
3847,97,1
3848,97,0
3849,77,1
3850,200,0
3851,31,0
3852,200,0
3853,58,1
3854,52,1
3855,118,1
3856,158,1
3857,200,0
3858,178,1
3859,68,0
3860,200,0
3861,67,1
3862,200,0
3863,200,0
3864,95,1
3865,174,0
3866,105,1
3867,160,1
3868,108,1
3869,200,0
3870,47,1
3871,124,1
3872,79,1
3873,76,1
3874,177,1
3875,116,1
3876,114,1
3877,200,0
3878,137,1
3879,115,1
3880,163,1
3881,200,0
3882,200,0
3883,54,1
3884,137,1
3885,200,0
3886,200,0
3887,85,1
3888,181,1
3889,117,1
3890,168,1
3891,69,1
3892,136,1
3893,200,0
3894,135,1
3895,67,0
3896,150,1
3897,200,0
3898,200,0
3899,200,0
3900,191,1
3901,114,1
3902,77,1
3903,184,1
3904,145,1
3905,121,1
3906,63,1
3907,75,1
3908,71,1
3909,100,1
3910,196,1
3911,80,1
3912,38,1
3913,73,1
3914,88,1
3915,108,1
3916,200,0
3917,70,1
3918,200,0
3919,88,1
3920,137,1
3921,174,1
3922,104,1
3923,181,1
3924,75,1
3925,200,0
3926,200,1
3927,135,1
3928,119,1
3929,103,1
3930,108,1
3931,130,1
3932,90,1
3933,94,0
3934,189,0
3935,138,1
3936,87,1
3937,200,0
3938,110,1
3939,174,0
3940,165,1
3941,200,0
3942,200,0
3943,189,1
3944,200,0
3945,136,1
3946,200,0
3947,144,1
3948,200,0
3949,200,0
3950,199,1
3951,140,0
3952,200,0
3953,49,1
3954,200,0
3955,200,0
3956,200,0
3957,200,0
3958,165,1
3959,200,0
3960,64,1
3961,200,0
3962,122,1
3963,83,1
3964,200,0
3965,63,1
3966,152,1
3967,96,1
3968,200,0
3969,184,1
3970,200,0
3971,200,0
3972,82,1
3973,200,0
3974,45,1
3975,164,1
3976,90,0
3977,114,1
3978,112,1
3979,94,1
3980,196,1
3981,111,1
3982,169,1
3983,200,0
3984,76,1
3985,145,1
3986,131,1
3987,33,1
3988,200,0
3989,70,1
3990,200,0
3991,60,1
3992,115,1
3993,100,1
3994,65,1
3995,84,1
3996,69,1
3997,76,1
3998,91,1
3999,114,1
4000,71,1
4001,85,1
4002,139,1
4003,82,1
4004,200,0
4005,75,1
4006,31,0
4007,134,1
4008,200,0
4009,124,1
4010,72,0
4011,131,1
4012,96,1
4013,171,1
4014,104,1
4015,108,1
4016,200,0
4017,200,0
4018,113,1
4019,200,0
4020,105,1
4021,128,1
4022,200,0
4023,100,1
4024,158,1
4025,200,0
4026,139,1
4027,71,1
4028,60,1
4029,111,0
4030,51,1
4031,200,0
4032,103,1
4033,144,1
4034,182,1
4035,66,0
4036,126,1
4037,63,1
4038,161,1
4039,72,1
4040,54,1
4041,107,0
4042,200,0
4043,171,1
4044,200,0
4045,95,0
4046,65,0
4047,61,1
4048,64,0
4049,200,0
4050,200,0
4051,200,0
4052,97,1
4053,57,1
4054,107,1
4055,141,1
4056,97,1
4057,200,0
4058,127,1
4059,126,0
4060,143,0
4061,71,1
4062,200,0
4063,200,0
4064,135,1
4065,200,0
4066,200,0
4067,86,1
4068,100,1
4069,200,0
4070,94,1
4071,120,1
4072,178,1
4073,147,1
4074,200,0
4075,200,0
4076,199,1
4077,78,1
4078,97,1
4079,113,1
4080,138,1
4081,186,1
4082,200,0
4083,200,0
4084,200,0
4085,87,1
4086,145,0
4087,99,1
4088,79,1
4089,157,1
4090,200,0
4091,47,1
4092,195,1
4093,200,0
4094,200,0
4095,50,1
4096,68,1
4097,200,0
4098,113,1
4099,200,0
4100,141,1
4101,123,1
4102,85,1
4103,93,1
4104,126,0
4105,200,0
4106,200,0
4107,200,0
4108,200,0
4109,113,1
4110,92,1
4111,147,1
4112,183,1
4113,81,1
4114,200,0
4115,200,0
4116,104,1
4117,114,1
4118,200,0
4119,75,1
4120,143,1
4121,125,1
4122,71,1
4123,200,0
4124,200,0
4125,200,0
4126,200,0
4127,158,0
4128,125,1
4129,200,0
4130,200,0
4131,200,0
4132,98,1
4133,200,0
4134,200,0
4135,71,0
4136,157,1
4137,65,1
4138,166,1
4139,102,1
4140,153,1
4141,100,1
4142,164,1
4143,200,0
4144,119,1
4145,109,1
4146,200,0
4147,114,1
4148,108,1
4149,200,0
4150,70,1
4151,94,1
4152,121,1
4153,91,1
4154,61,1
4155,166,1
4156,105,1
4157,107,1
4158,120,1
4159,200,0
4160,115,1
4161,125,1
4162,131,1
4163,173,1
4164,152,1
4165,107,1
4166,61,1
4167,200,0
4168,28,1
4169,113,1
4170,200,0
4171,80,1
4172,152,1
4173,68,1
4174,55,1
4175,200,0
4176,200,0
4177,200,0
4178,200,0
4179,86,1
4180,200,0
4181,200,0
4182,40,0
4183,136,1
4184,194,1
4185,66,1
4186,143,1
4187,92,1
4188,62,1
4189,144,1
4190,88,1
4191,77,1
4192,165,1
4193,27,1
4194,200,0
4195,132,1
4196,87,1
4197,200,0
4198,160,1
4199,68,1
4200,107,0
4201,103,1
4202,126,1
4203,106,1
4204,143,1
4205,200,0
4206,183,1
4207,65,1
4208,139,1
4209,44,0
4210,57,1
4211,63,1
4212,121,1
4213,129,1
4214,200,0
4215,94,1
4216,200,0
4217,157,1
4218,200,0
4219,55,0
4220,190,1
4221,90,1
4222,29,0
4223,196,1
4224,139,1
4225,69,1
4226,200,0
4227,58,0
4228,110,1
4229,200,0
4230,76,1
4231,200,0
4232,92,1
4233,200,0
4234,102,1
4235,68,1
4236,154,1
4237,164,1
4238,172,1
4239,42,1
4240,53,1
4241,157,1
4242,94,1
4243,144,1
4244,187,1
4245,200,0
4246,193,1
4247,54,1
4248,109,1
4249,81,1
4250,45,1
4251,130,1
4252,183,1
4253,200,0
4254,200,0
4255,200,0
4256,23,0
4257,97,1
4258,74,0
4259,170,1
4260,200,0
4261,200,0
4262,200,0
4263,78,1
4264,127,1
4265,55,1
4266,200,0
4267,104,1
4268,129,1
4269,189,1
4270,147,1
4271,200,0
4272,200,0
4273,120,1
4274,112,1
4275,114,1
4276,82,1
4277,128,1
4278,200,0
4279,124,1
4280,200,0
4281,200,0
4282,34,0
4283,200,0
4284,85,1
4285,126,1
4286,123,1
4287,134,0
4288,100,1
4289,107,1
4290,200,0
4291,200,0
4292,198,1
4293,76,1
4294,108,1
4295,144,1
4296,72,0
4297,171,1
4298,39,0
4299,200,0
4300,92,0
4301,200,0
4302,199,1
4303,200,0
4304,84,1
4305,153,1
4306,88,1
4307,200,0
4308,168,1
4309,130,1
4310,200,0
4311,74,1
4312,33,1
4313,78,1
4314,115,1
4315,200,0
4316,88,1
4317,200,0
4318,125,0
4319,71,1
4320,124,1
4321,200,0
4322,200,0
4323,200,0
4324,152,1
4325,80,0
4326,101,1
4327,84,1
4328,200,0
4329,200,0
4330,81,0
4331,192,1
4332,200,0
4333,200,0
4334,107,1
4335,200,0
4336,133,1
4337,57,1
4338,200,0
4339,200,0
4340,44,1
4341,200,0
4342,126,1
4343,200,0
4344,68,1
4345,103,1
4346,168,1
4347,113,1
4348,200,0
4349,101,1
4350,100,1
4351,128,1
4352,97,1
4353,200,0
4354,80,1
4355,137,1
4356,200,0
4357,168,1
4358,161,1
4359,200,0
4360,49,1
4361,102,1
4362,200,0
4363,82,0
4364,200,0
4365,106,1
4366,93,1
4367,195,1
4368,149,1
4369,62,1
4370,91,1
4371,200,0
4372,46,1
4373,200,0
4374,200,0
4375,128,1
4376,200,0
4377,165,1
4378,117,0
4379,118,1
4380,177,1
4381,149,1
4382,116,1
4383,150,1
4384,185,1
4385,93,1
4386,200,0
4387,30,1
4388,114,1
4389,160,1
4390,65,1
4391,200,0
4392,139,1
4393,86,1
4394,200,0
4395,100,1
4396,26,1
4397,165,1
4398,200,0
4399,70,1
4400,84,0
4401,200,0
4402,143,1
4403,200,0
4404,146,1
4405,85,1
4406,108,1
4407,200,0
4408,104,1
4409,66,1
4410,200,0
4411,186,1
4412,143,0
4413,200,0
4414,134,1
4415,200,0
4416,200,0
4417,200,0
4418,122,1
4419,155,1
4420,200,0
4421,78,1
4422,130,1
4423,200,0
4424,132,1
4425,147,1
4426,150,1
4427,200,0
4428,59,1
4429,148,1
4430,76,1
4431,200,0
4432,159,1
4433,72,1
4434,131,1
4435,160,1
4436,90,1
4437,173,1
4438,83,1
4439,36,1
4440,47,1
4441,98,1
4442,200,0
4443,108,0
4444,200,0
4445,200,0
4446,200,0
4447,144,1
4448,48,1
4449,129,1
4450,118,1
4451,84,1
4452,132,1
4453,200,0
4454,200,0
4455,200,0
4456,145,1
4457,120,1
4458,200,0
4459,144,1
4460,154,1
4461,200,0
4462,198,1
4463,113,1
4464,200,0
4465,200,0
4466,88,0
4467,200,0
4468,200,0
4469,200,0
4470,43,1
4471,148,1
4472,142,1
4473,47,1
4474,176,1
4475,121,1
4476,200,0
4477,83,1
4478,151,1
4479,79,1
4480,112,1
4481,151,1
4482,200,0
4483,18,0
4484,124,1
4485,126,1
4486,164,1
4487,104,1
4488,189,1
4489,186,1
4490,73,1
4491,200,0
4492,99,1
4493,132,1
4494,109,1
4495,191,1
4496,38,1
4497,155,1
4498,178,1
4499,110,1
4500,200,0
4501,200,0
4502,200,0
4503,147,1
4504,36,1
4505,121,1
4506,148,0
4507,200,0
4508,108,1
4509,64,0
4510,200,0
4511,119,1
4512,119,1
4513,112,1
4514,123,1
4515,104,1
4516,200,0
4517,93,1
4518,68,1
4519,138,1
4520,68,1
4521,200,0
4522,110,1
4523,200,0
4524,200,0
4525,180,1
4526,96,1
4527,31,0
4528,141,1
4529,59,1
4530,177,1
4531,94,1
4532,80,1
4533,200,0
4534,123,1
4535,86,1
4536,195,1
4537,200,0
4538,177,1
4539,136,0
4540,71,1
4541,19,0
4542,138,1
4543,200,0
4544,200,0
4545,190,1
4546,200,0
4547,146,1
4548,117,1
4549,200,0
4550,178,1
4551,117,1
4552,200,0
4553,200,0
4554,63,1
4555,200,0
4556,85,1
4557,200,0
4558,184,1
4559,200,0
4560,200,0
4561,111,1
4562,200,0
4563,87,1
4564,77,1
4565,200,0
4566,163,1
4567,86,1
4568,62,1
4569,200,0
4570,129,1
4571,77,1
4572,200,0
4573,93,1
4574,185,1
4575,93,1
4576,150,1
4577,200,0
4578,101,1
4579,200,0
4580,200,0
4581,19,0
4582,200,0
4583,26,1
4584,122,1
4585,200,0
4586,200,0
4587,200,0
4588,40,1
4589,200,0
4590,85,1
4591,200,0
4592,200,0
4593,200,0
4594,105,1
4595,59,0
4596,164,1
4597,200,0
4598,101,1
4599,131,1
4600,200,0
4601,200,0
4602,79,1
4603,200,0
4604,63,1
4605,37,1
4606,114,1
4607,200,0
4608,57,1
4609,54,0
4610,76,1
4611,78,1
4612,200,0
4613,200,0
4614,141,0
4615,200,0
4616,200,0
4617,103,1
4618,200,0
4619,132,1
4620,148,1
4621,85,1
4622,200,0
4623,150,1
4624,106,1
4625,165,1
4626,200,0
4627,181,1
4628,55,1
4629,52,1
4630,200,0
4631,23,0
4632,48,1
4633,200,0
4634,69,1
4635,114,1
4636,200,0
4637,151,1
4638,91,1
4639,89,0
4640,200,0
4641,200,0
4642,58,1
4643,200,0
4644,180,0
4645,58,1
4646,135,1
4647,105,1
4648,198,1
4649,200,0
4650,85,1
4651,88,1
4652,81,1
4653,129,1
4654,129,1
4655,84,1
4656,69,0
4657,49,0
4658,116,0
4659,200,0
4660,200,0
4661,123,1
4662,74,1
4663,124,1
4664,195,1
4665,142,1
4666,195,1
4667,30,1
4668,65,1
4669,96,1
4670,192,1
4671,192,1
4672,92,1
4673,122,1
4674,142,1
4675,44,1
4676,200,0
4677,168,1
4678,32,0
4679,52,1
4680,200,0
4681,73,1
4682,49,1
4683,59,1
4684,105,1
4685,200,0
4686,200,0
4687,101,1
4688,200,0
4689,160,1
4690,200,0
4691,200,0
4692,69,0
4693,153,1
4694,108,1
4695,118,0
4696,200,0
4697,200,0
4698,113,1
4699,170,1
4700,75,1
4701,184,1
4702,70,1
4703,200,0
4704,200,0
4705,199,1
4706,154,1
4707,200,0
4708,115,1
4709,169,1
4710,68,1
4711,77,1
4712,200,0
4713,200,0
4714,193,1
4715,76,1
4716,109,1
4717,78,1
4718,78,1
4719,68,1
4720,54,0
4721,80,1
4722,56,1
4723,43,0
4724,109,1
4725,36,1
4726,65,1
4727,200,0
4728,200,0
4729,200,0
4730,60,1
4731,82,1
4732,123,1
4733,118,1
4734,94,1
4735,129,1
4736,159,1
4737,99,1
4738,93,1
4739,51,1
4740,200,0
4741,200,0
4742,155,1
4743,40,1
4744,157,1
4745,124,1
4746,187,1
4747,87,1
4748,151,1
4749,200,0
4750,123,1
4751,95,1
4752,200,0
4753,161,1
4754,106,0
4755,94,1
4756,200,0
4757,146,1
4758,105,1
4759,84,1
4760,200,0
4761,89,1
4762,200,0
4763,200,0
4764,200,0
4765,200,0
4766,200,0
4767,70,1
4768,119,1
4769,99,1
4770,200,0
4771,200,0
4772,200,0
4773,157,1
4774,143,1
4775,200,0
4776,83,1
4777,200,0
4778,200,0
4779,102,1
4780,128,1
4781,81,1
4782,134,1
4783,200,0
4784,200,0
4785,56,1
4786,200,0
4787,95,1
4788,175,1
4789,200,0
4790,71,0
4791,200,0
4792,46,0
4793,200,0
4794,200,0
4795,200,0
4796,104,1
4797,84,1
4798,200,0
4799,75,1
4800,101,1
4801,167,1
4802,65,1
4803,153,0
4804,117,1
4805,200,0
4806,99,1
4807,200,0
4808,198,1
4809,200,0
4810,200,0
4811,200,0
4812,105,1
4813,114,1
4814,175,1
4815,152,1
4816,78,1
4817,199,1
4818,200,0
4819,71,1
4820,194,1
4821,84,1
4822,153,1
4823,200,0
4824,144,0
4825,200,0
4826,37,1
4827,80,1
4828,107,1
4829,200,0
4830,90,1
4831,109,1
4832,151,1
4833,140,1
4834,79,1
4835,194,1
4836,200,0
4837,200,0
4838,98,1
4839,200,0
4840,73,1
4841,200,1
4842,124,1
4843,194,1
4844,200,0
4845,165,1
4846,94,1
4847,53,1
4848,114,1
4849,148,0
4850,64,1
4851,109,1
4852,200,0
4853,110,1
4854,85,0
4855,41,1
4856,62,1
4857,42,1
4858,77,1
4859,153,1
4860,200,0
4861,9,0
4862,81,1
4863,91,0
4864,53,1
4865,200,0
4866,186,1
4867,200,0
4868,37,1
4869,62,1
4870,200,0
4871,175,0
4872,135,1
4873,200,0
4874,200,0
4875,200,0
4876,71,1
4877,90,1
4878,171,1
4879,94,1
4880,200,0
4881,97,1
4882,74,1
4883,137,1
4884,175,1
4885,80,1
4886,103,1
4887,200,0
4888,100,1
4889,104,1
4890,127,1
4891,85,1
4892,55,1
4893,53,1
4894,122,1
4895,64,0
4896,193,1
4897,193,1
4898,200,0
4899,112,1
4900,200,0
4901,33,1
4902,63,1
4903,200,0
4904,200,0
4905,167,1
4906,129,0
4907,200,0
4908,200,0
4909,80,1
4910,38,1
4911,185,1
4912,62,1
4913,200,0
4914,48,1
4915,200,0
4916,102,1
4917,143,1
4918,52,1
4919,200,0
4920,110,1
4921,101,1
4922,35,1
4923,118,1
4924,101,0
4925,88,0
4926,200,0
4927,122,1
4928,155,1
4929,165,1
4930,200,0
4931,200,0
4932,131,1
4933,95,1
4934,52,1
4935,110,1
4936,155,1
4937,73,0
4938,150,1
4939,200,0
4940,108,1
4941,177,1
4942,200,0
4943,200,0
4944,200,0
4945,166,1
4946,200,0
4947,105,1
4948,57,1
4949,143,1
4950,61,1
4951,200,0
4952,200,0
4953,200,0
4954,81,1
4955,200,0
4956,197,1
4957,162,1
4958,126,1
4959,200,0
4960,164,1
4961,110,1
4962,159,1
4963,158,1
4964,155,1
4965,53,1
4966,41,1
4967,200,0
4968,41,1
4969,146,1
4970,172,0
4971,51,0
4972,91,1
4973,73,1
4974,200,0
4975,43,1
4976,61,1
4977,25,0
4978,114,1
4979,200,0
4980,70,1
4981,200,0
4982,166,0
4983,157,1
4984,75,1
4985,146,1
4986,28,1
4987,133,1
4988,70,1
4989,200,0
4990,200,0
4991,172,1
4992,200,0
4993,87,1
4994,156,1
4995,61,1
4996,119,1
4997,175,1
4998,141,1
4999,97,1
5000,57,1
5001,150,1
5002,111,1
5003,200,0
5004,67,1
5005,200,0
5006,135,1
5007,200,0
5008,64,1
5009,200,0
5010,200,0
5011,166,1
5012,199,1
5013,166,1
5014,103,1
5015,112,1
5016,38,0
5017,200,0
5018,79,1
5019,200,0
5020,200,0
5021,200,0
5022,103,1
5023,120,1
5024,200,0
5025,58,1
5026,200,0
5027,200,0
5028,200,0
5029,142,1
5030,120,1
5031,131,1
5032,106,1
5033,95,1
5034,80,1
5035,143,0
5036,93,0
5037,122,1
5038,76,1
5039,200,1
5040,200,0
5041,145,1
5042,200,0
5043,130,1
5044,74,1
5045,91,1
5046,103,1
5047,140,1
5048,52,1
5049,152,1
5050,95,1
5051,76,1
5052,127,1
5053,186,1
5054,200,0
5055,200,0
5056,200,0
5057,72,1
5058,60,0
5059,200,0
5060,200,0
5061,95,0
5062,149,1
5063,200,0
5064,157,1
5065,200,0
5066,71,1
5067,112,1
5068,200,0
5069,129,1
5070,163,1
5071,200,0
5072,200,0
5073,200,0
5074,85,0
5075,121,1
5076,200,0
5077,114,1
5078,84,1
5079,166,1
5080,108,1
5081,113,1
5082,110,0
5083,167,1
5084,49,1
5085,172,1
5086,135,0
5087,200,0
5088,82,1
5089,118,1
5090,95,1
5091,200,0
5092,77,1
5093,116,1
5094,93,1
5095,200,0
5096,63,1
5097,101,1
5098,120,1
5099,180,1
5100,115,1
5101,148,0
5102,200,0
5103,95,1
5104,200,0
5105,142,1
5106,49,1
5107,74,1
5108,105,1
5109,105,1
5110,138,1
5111,20,1
5112,123,1
5113,25,1
5114,200,0
5115,162,1
5116,200,0
5117,200,0
5118,62,1
5119,200,0
5120,145,1
5121,200,0
5122,98,0
5123,101,1
5124,200,0
5125,145,1
5126,37,1
5127,125,1
5128,194,1
5129,79,1
5130,80,1
5131,62,1
5132,64,0
5133,64,1
5134,38,1
5135,97,1
5136,83,1
5137,85,1
5138,104,1
5139,69,1
5140,77,1
5141,200,0
5142,185,1
5143,131,1
5144,87,1
5145,138,1
5146,200,0
5147,200,0
5148,200,0
5149,38,0
5150,99,1
5151,200,0
5152,188,1
5153,79,1
5154,126,1
5155,77,1
5156,180,1
5157,97,1
5158,200,0
5159,139,1
5160,200,0
5161,200,0
5162,200,0
5163,172,1
5164,155,0
5165,70,1
5166,129,0
5167,200,0
5168,141,1
5169,47,1
5170,96,1
5171,162,1
5172,43,0
5173,98,1
5174,103,1
5175,107,1
5176,31,0
5177,190,1
5178,152,1
5179,159,1
5180,200,0
5181,200,0
5182,80,1
5183,91,1
5184,200,0
5185,74,1
5186,124,1
5187,57,1
5188,200,0
5189,191,1
5190,100,1
5191,46,1
5192,53,1
5193,161,1
5194,143,1
5195,60,1
5196,102,1
5197,90,1
5198,50,1
5199,163,1
5200,118,1
5201,116,1
5202,170,1
5203,165,1
5204,157,1
5205,37,1
5206,90,1
5207,26,1
5208,69,1
5209,64,1
5210,145,0
5211,88,1
5212,29,1
5213,96,1
5214,189,1
5215,122,1
5216,200,0
5217,38,1
5218,148,1
5219,200,0
5220,75,1
5221,200,0
5222,78,1
5223,200,0
5224,126,1
5225,198,1
5226,186,1
5227,117,1
5228,51,1
5229,22,0
5230,200,0
5231,27,0
5232,161,1
5233,200,0
5234,169,1
5235,200,0
5236,46,1
5237,200,0
5238,142,1
5239,135,1
5240,200,0
5241,200,0
5242,128,1
5243,200,0
5244,200,0
5245,158,1
5246,200,0
5247,45,1
5248,200,0
5249,118,1
5250,196,0
5251,70,1
5252,200,0
5253,61,0
5254,87,1
5255,60,0
5256,151,1
5257,52,1
5258,200,0
5259,113,1
5260,169,1
5261,200,0
5262,103,1
5263,79,0
5264,61,1
5265,114,1
5266,41,1
5267,188,1
5268,62,1
5269,61,1
5270,62,1
5271,200,0
5272,131,1
5273,200,0
5274,41,1
5275,69,1
5276,112,1
5277,200,0
5278,200,0
5279,145,1
5280,76,1
5281,162,1
5282,107,1
5283,191,1
5284,176,1
5285,123,1
5286,170,1
5287,83,1
5288,69,1
5289,114,1
5290,123,1
5291,200,0
5292,130,1
5293,101,1
5294,144,1
5295,73,1
5296,55,1
5297,134,1
5298,185,1
5299,51,1
5300,144,1
5301,90,1
5302,113,1
5303,85,1
5304,158,1
5305,112,0
5306,164,1
5307,36,1
5308,100,1
5309,98,1
5310,104,1
5311,96,0
5312,147,1
5313,163,1
5314,111,1
5315,65,1
5316,62,1
5317,200,0
5318,200,0
5319,200,0
5320,200,0
5321,200,0
5322,200,0
5323,84,1
5324,71,1
5325,120,1
5326,74,1
5327,95,1
5328,200,0
5329,200,0
5330,63,1
5331,93,1
5332,9,0
5333,200,0
5334,170,1
5335,200,0
5336,200,0
5337,143,1
5338,200,0
5339,200,0
5340,55,1
5341,200,0
5342,93,1
5343,200,0
5344,200,0
5345,91,1
5346,200,0
5347,31,1
5348,56,1
5349,109,1
5350,74,1
5351,189,1
5352,200,0
5353,22,0
5354,121,1
5355,72,1
5356,200,0
5357,57,0
5358,200,0
5359,125,1
5360,200,0
5361,200,0
5362,109,1
5363,200,0
5364,119,1
5365,194,1
5366,200,0
5367,200,0
5368,200,0
5369,83,1
5370,146,0
5371,160,1
5372,82,1
5373,50,1
5374,138,1
5375,81,1
5376,200,0
5377,90,1
5378,200,0
5379,61,0
5380,170,1
5381,200,0
5382,128,0
5383,89,1
5384,53,1
5385,188,1
5386,200,0
5387,45,1
5388,142,1
5389,51,1
5390,200,0
5391,200,0
5392,84,1
5393,200,0
5394,127,1
5395,168,1
5396,98,1
5397,88,1
5398,200,0
5399,200,0
5400,200,0
5401,39,1
5402,187,1
5403,99,1
5404,92,1
5405,200,0
5406,62,1
5407,106,1
5408,126,1
5409,200,0
5410,65,1
5411,124,1
5412,36,1
5413,160,1
5414,55,1
5415,52,1
5416,145,1
5417,146,1
5418,195,1
5419,63,1
5420,100,1
5421,142,1
5422,165,1
5423,68,1
5424,175,1
5425,62,1
5426,113,1
5427,97,1
5428,200,0
5429,130,0
5430,200,0
5431,52,1
5432,155,1
5433,22,0
5434,59,1
5435,156,1
5436,168,1
5437,93,1
5438,96,1
5439,200,0
5440,46,1
5441,166,1
5442,199,1
5443,66,1
5444,124,0
5445,200,0
5446,188,1
5447,79,1
5448,126,1
5449,197,1
5450,179,1
5451,114,1
5452,57,1
5453,200,0
5454,88,1
5455,86,1
5456,200,0
5457,198,1
5458,64,1
5459,140,1
5460,150,1
5461,102,1
5462,200,0
5463,200,0
5464,200,0
5465,142,1
5466,200,0
5467,50,1
5468,82,1
5469,111,1
5470,50,1
5471,116,1
5472,154,1
5473,66,1
5474,67,0
5475,200,0
5476,175,1
5477,77,0
5478,117,1
5479,133,1
5480,124,1
5481,165,1
5482,95,1
5483,105,1
5484,37,0
5485,200,0
5486,47,1
5487,192,1
5488,89,1
5489,69,1
5490,68,1
5491,163,1
5492,127,1
5493,145,1
5494,116,1
5495,82,1
5496,122,1
5497,93,1
5498,200,0
5499,60,1
5500,120,1
5501,37,1
5502,126,1
5503,99,1
5504,54,1
5505,45,1
5506,124,1
5507,172,0
5508,108,1
5509,129,1
5510,174,1
5511,113,1
5512,105,1
5513,86,1
5514,200,0
5515,173,1
5516,200,0
5517,93,1
5518,49,1
5519,194,1
5520,200,0
5521,110,1
5522,69,1
5523,44,1
5524,174,1
5525,98,1
5526,109,1
5527,99,1
5528,200,0
5529,200,0
5530,136,1
5531,112,1
5532,200,0
5533,48,1
5534,200,0
5535,179,1
5536,200,0
5537,125,1
5538,86,1
5539,171,1
5540,37,0
5541,116,0
5542,51,1
5543,87,1
5544,86,1
5545,89,0
5546,67,1
5547,120,1
5548,200,0
5549,160,1
5550,200,0
5551,102,1
5552,102,0
5553,91,0
5554,200,0
5555,149,1
5556,108,1
5557,109,1
5558,113,1
5559,200,0
5560,135,1
5561,108,1
5562,122,1
5563,137,1
5564,155,1
5565,106,1
5566,151,1
5567,200,0
5568,134,1
5569,128,1
5570,178,1
5571,200,0
5572,200,0
5573,91,1
5574,200,0
5575,94,1
5576,110,0
5577,71,1
5578,67,1
5579,65,1
5580,84,1
5581,200,0
5582,200,0
5583,87,1
5584,41,1
5585,200,0
5586,107,0
5587,152,1
5588,123,0
5589,146,1
5590,200,0
5591,117,1
5592,60,1
5593,200,0
5594,200,0
5595,200,0
5596,160,1
5597,155,1
5598,135,0
5599,200,0
5600,200,0
5601,200,0
5602,25,0
5603,145,1
5604,100,1
5605,63,1
5606,200,0
5607,69,1
5608,53,1
5609,168,1
5610,174,1
5611,156,1
5612,52,1
5613,135,1
5614,84,1
5615,102,1
5616,200,0
5617,200,0
5618,200,0
5619,124,1
5620,169,1
5621,113,1
5622,122,1
5623,90,1
5624,200,0
5625,126,1
5626,113,1
5627,71,1
5628,131,1
5629,99,1
5630,200,0
5631,151,1
5632,96,1
5633,172,1
5634,146,1
5635,145,1
5636,200,0
5637,90,0
5638,91,1
5639,200,0
5640,120,1
5641,109,0
5642,171,1
5643,200,0
5644,200,0
5645,104,1
5646,105,1
5647,200,0
5648,139,1
5649,200,0
5650,200,0
5651,200,0
5652,111,1
5653,175,1
5654,118,1
5655,191,0
5656,200,0
5657,200,0
5658,200,0
5659,111,1
5660,200,0
5661,200,0
5662,133,1
5663,200,0
5664,90,1
5665,200,0
5666,113,1
5667,144,1
5668,132,0
5669,47,0
5670,139,1
5671,75,1
5672,88,1
5673,200,0
5674,200,0
5675,200,0
5676,193,1
5677,28,0
5678,200,0
5679,85,0
5680,30,1
5681,200,0
5682,76,1
5683,78,1
5684,197,1
5685,119,1
5686,81,1
5687,140,1
5688,110,1
5689,197,1
5690,83,1
5691,200,0
5692,59,1
5693,90,1
5694,45,1
5695,52,1
5696,200,0
5697,46,1
5698,40,1
5699,110,1
5700,114,1
5701,85,1
5702,54,1
5703,60,0
5704,87,1
5705,200,0
5706,200,0
5707,123,1
5708,94,0
5709,59,1
5710,64,1
5711,109,1
5712,112,1
5713,113,1
5714,70,1
5715,146,1
5716,195,1
5717,191,1
5718,196,1
5719,149,1
5720,79,1
5721,97,1
5722,187,1
5723,200,0
5724,146,1
5725,55,0
5726,78,1
5727,200,0
5728,19,0
5729,101,1
5730,177,1
5731,166,1
5732,164,1
5733,71,0
5734,93,1
5735,155,1
5736,54,1
5737,129,1
5738,193,0
5739,62,1
5740,35,0
5741,89,1
5742,149,1
5743,80,1
5744,188,1
5745,152,1
5746,14,0
5747,200,0
5748,124,1
5749,38,1
5750,130,1
5751,169,1
5752,157,1
5753,60,0
5754,72,1
5755,134,1
5756,100,1
5757,127,1
5758,200,0
5759,86,1
5760,200,0
5761,123,1
5762,200,0
5763,64,1
5764,161,1
5765,200,0
5766,67,1
5767,24,1
5768,186,1
5769,200,0
5770,89,1
5771,71,1
5772,71,1
5773,165,1
5774,101,1
5775,93,1
5776,76,1
5777,200,0
5778,118,1
5779,200,0
5780,130,1
5781,156,1
5782,200,0
5783,200,0
5784,81,1
5785,131,1
5786,200,0
5787,170,1
5788,122,1
5789,43,1
5790,95,1
5791,81,1
5792,182,1
5793,132,1
5794,200,0
5795,200,0
5796,131,1
5797,57,0
5798,200,0
5799,200,0
5800,70,1
5801,200,0
5802,200,0
5803,78,1
5804,200,0
5805,41,1
5806,200,0
5807,150,1
5808,61,1
5809,200,0
5810,200,0
5811,200,0
5812,146,1
5813,158,1
5814,108,1
5815,200,0
5816,195,1
5817,98,1
5818,169,1
5819,147,1
5820,199,1
5821,142,1
5822,200,0
5823,38,1
5824,77,1
5825,127,0
5826,70,1
5827,93,1
5828,200,0
5829,200,0
5830,131,1
5831,59,1
5832,200,0
5833,150,0
5834,37,1
5835,200,0
5836,200,0
5837,145,1
5838,128,1
5839,109,1
5840,113,1
5841,168,1
5842,147,1
5843,143,1
5844,127,1
5845,200,0
5846,200,0
5847,106,1
5848,200,0
5849,200,0
5850,158,1
5851,158,1
5852,74,1
5853,116,1
5854,43,1
5855,200,0
5856,69,0
5857,74,1
5858,200,0
5859,194,1
5860,137,1
5861,127,1
5862,51,1
5863,73,1
5864,24,0
5865,76,1
5866,114,1
5867,200,0
5868,78,1
5869,51,0
5870,175,1
5871,83,1
5872,104,1
5873,110,1
5874,200,0
5875,144,1
5876,120,1
5877,200,0
5878,96,1
5879,61,1
5880,200,0
5881,200,0
5882,200,0
5883,178,1
5884,66,1
5885,74,1
5886,59,1
5887,92,1
5888,63,1
5889,200,0
5890,186,0
5891,45,1
5892,66,1
5893,117,1
5894,159,1
5895,42,1
5896,93,1
5897,112,1
5898,61,1
5899,200,0
5900,101,1
5901,200,0
5902,92,1
5903,200,0
5904,37,1
5905,193,0
5906,53,1
5907,136,1
5908,122,1
5909,137,1
5910,200,0
5911,176,1
5912,153,1
5913,102,1
5914,147,1
5915,70,1
5916,200,0
5917,138,1
5918,184,1
5919,105,1
5920,149,1
5921,22,0
5922,167,1
5923,80,1
5924,84,1
5925,72,1
5926,53,0
5927,108,1
5928,200,0
5929,101,1
5930,118,1
5931,134,1
5932,86,1
5933,94,1
5934,125,1
5935,107,1
5936,200,0
5937,52,1
5938,197,1
5939,39,1
5940,184,1
5941,136,1
5942,200,0
5943,187,1
5944,175,0
5945,92,1
5946,200,0
5947,106,1
5948,107,1
5949,200,0
5950,77,1
5951,200,0
5952,200,0
5953,39,0
5954,200,0
5955,43,1
5956,95,1
5957,200,0
5958,200,1
5959,188,1
5960,200,0
5961,200,0
5962,200,0
5963,123,1
5964,186,1
5965,200,0
5966,200,0
5967,102,1
5968,143,1
5969,190,1
5970,136,1
5971,94,1
5972,103,1
5973,98,1
5974,193,1
5975,76,1
5976,70,1
5977,116,1
5978,107,1
5979,102,1
5980,145,1
5981,37,0
5982,102,1
5983,57,1
5984,41,1
5985,59,0
5986,157,1
5987,47,1
5988,137,1
5989,200,0
5990,200,0
5991,141,0
5992,200,0
5993,138,1
5994,200,0
5995,104,1
5996,125,1
5997,200,0
5998,91,0
5999,141,1
6000,61,1
6001,115,1
6002,133,1
6003,200,0
6004,40,0
6005,58,1
6006,200,0
6007,57,1
6008,200,0
6009,100,1
6010,104,1
6011,200,0
6012,200,0
6013,80,1
6014,25,0
6015,54,1
6016,200,0
6017,200,0
6018,130,1
6019,124,1
6020,72,1
6021,59,1
6022,92,1
6023,130,1
6024,200,0
6025,69,1
6026,36,1
6027,200,0
6028,113,0
6029,147,0
6030,97,1
6031,199,1
6032,46,1
6033,200,0
6034,88,0
6035,88,1
6036,102,1
6037,157,1
6038,73,1
6039,145,1
6040,39,0
6041,183,0
6042,148,1
6043,149,1
6044,200,0
6045,137,1
6046,85,1
6047,200,0
6048,69,1
6049,99,1
6050,112,1
6051,150,1
6052,143,1
6053,110,0
6054,84,1
6055,41,1
6056,200,0
6057,103,1
6058,200,0
6059,160,1
6060,159,1
6061,142,1
6062,200,0
6063,178,1
6064,200,0
6065,200,0
6066,162,1
6067,200,0
6068,94,1
6069,200,0
6070,134,1
6071,169,1
6072,83,1
6073,141,1
6074,193,1
6075,200,0
6076,138,1
6077,62,1
6078,41,0
6079,90,1
6080,150,1
6081,70,1
6082,77,1
6083,165,1
6084,133,1
6085,65,1
6086,185,1
6087,52,1
6088,200,0
6089,183,1
6090,129,1
6091,47,1
6092,200,0
6093,77,1
6094,110,1
6095,200,0
6096,130,1
6097,200,0
6098,134,1
6099,200,0
6100,179,0
6101,185,1
6102,69,1
6103,181,1
6104,50,1
6105,124,1
6106,137,1
6107,84,1
6108,198,1
6109,129,1
6110,138,1
6111,186,1
6112,113,1
6113,47,0
6114,150,1
6115,72,0
6116,200,0
6117,83,0
6118,131,1
6119,189,1
6120,130,1
6121,136,1
6122,200,0
6123,139,1
6124,200,0
6125,200,0
6126,160,1
6127,163,1
6128,200,0
6129,129,0
6130,87,1
6131,11,0
6132,99,1
6133,68,1
6134,108,1
6135,109,1
6136,98,1
6137,65,1
6138,44,0
6139,127,1
6140,91,1
6141,171,1
6142,200,0
6143,200,0
6144,200,0
6145,64,1
6146,200,0
6147,62,1
6148,153,0
6149,200,0
6150,200,0
6151,200,0
6152,95,1
6153,46,1
6154,190,1
6155,138,1
6156,200,0
6157,66,1
6158,177,1
6159,77,1
6160,114,1
6161,103,1
6162,43,0
6163,110,1
6164,200,0
6165,200,0
6166,200,0
6167,200,0
6168,124,1
6169,58,1
6170,87,1
6171,159,1
6172,134,1
6173,200,0
6174,200,0
6175,69,1
6176,109,1
6177,89,1
6178,200,0
6179,200,0
6180,200,0
6181,200,0
6182,200,0
6183,75,1
6184,200,0
6185,74,1
6186,186,1
6187,93,1
6188,200,0
6189,151,1
6190,200,0
6191,127,1
6192,84,1
6193,62,1
6194,44,1
6195,196,1
6196,65,1
6197,200,0
6198,180,1
6199,149,1
6200,147,1
6201,200,0
6202,45,1
6203,71,1
6204,200,0
6205,200,0
6206,76,1
6207,85,1
6208,200,0
6209,138,1
6210,80,1
6211,200,0
6212,87,1
6213,65,1
6214,200,0
6215,73,1
6216,170,1
6217,83,1
6218,200,0
6219,164,1
6220,82,1
6221,168,1
6222,164,1
6223,85,1
6224,181,1
6225,23,0
6226,200,0
6227,141,1
6228,36,1
6229,200,0
6230,73,0
6231,178,1
6232,114,1
6233,61,1
6234,194,1
6235,171,1
6236,97,0
6237,79,1
6238,68,1
6239,169,1
6240,132,1
6241,58,1
6242,78,0
6243,53,1
6244,102,1
6245,37,1
6246,119,1
6247,73,1
6248,50,1
6249,118,1
6250,200,0
6251,151,1
6252,126,1
6253,56,1
6254,143,1
6255,66,1
6256,98,1
6257,102,1
6258,28,1
6259,74,1
6260,115,1
6261,44,1
6262,75,1
6263,58,1
6264,53,1
6265,107,1
6266,112,1
6267,184,1
6268,149,1
6269,69,1
6270,134,1
6271,72,1
6272,103,1
6273,80,1
6274,64,1
6275,42,1
6276,38,1
6277,17,0
6278,200,0
6279,114,1
6280,84,1
6281,101,1
6282,61,1
6283,122,1
6284,38,0
6285,85,1
6286,113,1
6287,43,1
6288,151,1
6289,200,0
6290,86,1
6291,132,1
6292,95,1
6293,82,1
6294,200,0
6295,67,1
6296,92,1
6297,48,0
6298,55,1
6299,200,0
6300,200,0
6301,78,1
6302,200,0
6303,200,0
6304,200,0
6305,200,0
6306,113,1
6307,76,1
6308,149,1
6309,121,1
6310,200,0
6311,167,1
6312,75,1
6313,200,0
6314,140,1
6315,155,1
6316,39,0
6317,119,0
6318,83,0
6319,137,1
6320,100,1
6321,102,1
6322,79,1
6323,200,0
6324,95,1
6325,101,1
6326,182,1
6327,151,1
6328,158,1
6329,130,1
6330,145,0
6331,200,0
6332,113,1
6333,200,0
6334,200,0
6335,109,1
6336,91,1
6337,75,1
6338,124,1
6339,157,1
6340,164,1
6341,92,1
6342,200,0
6343,142,1
6344,184,1
6345,116,1
6346,47,1
6347,88,1
6348,200,0
6349,188,0
6350,62,1
6351,89,1
6352,43,0
6353,121,1
6354,45,0
6355,77,1
6356,104,1
6357,200,0
6358,181,1
6359,143,1
6360,200,0
6361,146,1
6362,150,1
6363,100,1
6364,200,0
6365,152,0
6366,49,1
6367,200,0
6368,200,0
6369,111,1
6370,200,0
6371,88,1
6372,127,1
6373,66,0
6374,200,0
6375,56,1
6376,200,0
6377,200,0
6378,40,1
6379,106,1
6380,192,1
6381,51,1
6382,83,1
6383,166,1
6384,127,1
6385,200,0
6386,183,1
6387,200,0
6388,200,0
6389,43,1
6390,88,1
6391,80,1
6392,194,1
6393,200,0
6394,141,1
6395,105,1
6396,200,0
6397,185,1
6398,61,1
6399,200,0
6400,176,0
6401,73,1
6402,82,1
6403,132,1
6404,107,0
6405,200,0
6406,81,1
6407,115,1
6408,200,0
6409,194,1
6410,200,0
6411,109,1
6412,92,1
6413,88,1
6414,38,1
6415,136,0
6416,146,1
6417,101,1
6418,200,0
6419,183,1
6420,111,1
6421,200,0
6422,166,1
6423,76,1
6424,162,1
6425,54,1
6426,200,0
6427,135,1
6428,200,0
6429,200,0
6430,102,1
6431,69,1
6432,73,1
6433,200,0
6434,93,1
6435,93,0
6436,68,1
6437,200,0
6438,158,1
6439,160,1
6440,200,0
6441,103,1
6442,40,1
6443,66,1
6444,70,1
6445,127,1
6446,93,1
6447,88,1
6448,189,1
6449,200,0
6450,104,1
6451,200,0
6452,200,0
6453,190,1
6454,89,1
6455,86,1
6456,89,1
6457,177,1
6458,79,0
6459,200,0
6460,200,0
6461,200,0
6462,45,0
6463,126,1
6464,194,1
6465,200,0
6466,135,1
6467,200,0
6468,151,1
6469,200,0
6470,73,1
6471,200,0
6472,68,1
6473,150,1
6474,200,0
6475,104,1
6476,55,1
6477,167,1
6478,182,1
6479,200,0
6480,137,1
6481,200,0
6482,160,0
6483,136,1
6484,112,1
6485,199,1
6486,84,1
6487,160,1
6488,200,0
6489,86,1
6490,93,1
6491,178,1
6492,145,1
6493,200,0
6494,200,0
6495,137,1
6496,109,1
6497,124,1
6498,111,1
6499,172,1
6500,73,1
6501,121,1
6502,55,1
6503,200,0
6504,156,1
6505,55,1
6506,200,0
6507,163,1
6508,200,0
6509,46,1
6510,184,1
6511,138,1
6512,66,1
6513,88,1
6514,110,1
6515,200,0
6516,111,1
6517,80,1
6518,35,1
6519,90,0
6520,38,1
6521,72,1
6522,200,0
6523,95,1
6524,46,1
6525,136,1
6526,90,1
6527,200,0
6528,200,0
6529,149,1
6530,128,1
6531,200,0
6532,68,1
6533,149,1
6534,196,1
6535,90,1
6536,96,1
6537,119,1
6538,53,0
6539,66,1
6540,93,0
6541,200,0
6542,90,1
6543,62,1
6544,156,1
6545,152,1
6546,56,0
6547,147,1
6548,120,1
6549,30,1
6550,200,0
6551,33,0
6552,157,1
6553,124,1
6554,200,0
6555,95,1
6556,46,1
6557,39,1
6558,73,1
6559,147,1
6560,71,1
6561,177,1
6562,119,1
6563,200,0
6564,64,1
6565,159,1
6566,58,1
6567,189,1
6568,43,1
6569,55,1
6570,31,1
6571,45,1
6572,168,1
6573,200,0
6574,200,0
6575,155,1
6576,64,1
6577,98,1
6578,109,1
6579,145,1
6580,39,0
6581,200,0
6582,200,0
6583,90,1
6584,200,0
6585,200,0
6586,181,1
6587,200,0
6588,142,1
6589,200,0
6590,200,0
6591,200,0
6592,200,0
6593,126,1
6594,99,1
6595,82,0
6596,200,0
6597,168,1
6598,97,1
6599,200,0
6600,110,1
6601,200,0
6602,200,0
6603,89,1
6604,74,1
6605,200,0
6606,105,0
6607,200,0
6608,169,1
6609,39,1
6610,200,0
6611,58,1
6612,178,1
6613,166,1
6614,200,0
6615,180,1
6616,158,1
6617,83,0
6618,47,1
6619,101,1
6620,200,0
6621,168,1
6622,200,0
6623,177,1
6624,115,1
6625,128,1
6626,78,1
6627,193,1
6628,108,1
6629,66,1
6630,200,0
6631,197,1
6632,200,0
6633,200,0
6634,44,1
6635,87,1
6636,105,1
6637,58,1
6638,200,0
6639,79,1
6640,200,0
6641,200,0
6642,124,0
6643,106,1
6644,169,1
6645,200,0
6646,200,0
6647,200,0
6648,123,0
6649,200,0
6650,40,1
6651,136,1
6652,117,1
6653,109,1
6654,91,1
6655,200,0
6656,200,0
6657,200,0
6658,200,0
6659,152,1
6660,200,0
6661,78,1
6662,141,1
6663,153,1
6664,70,1
6665,200,0
6666,200,0
6667,55,1
6668,200,0
6669,97,0
6670,54,0
6671,53,1
6672,200,0
6673,62,1
6674,113,1
6675,66,1
6676,200,0
6677,126,1
6678,76,1
6679,81,0
6680,52,1
6681,200,0
6682,88,1
6683,136,1
6684,190,1
6685,88,1
6686,110,1
6687,198,1
6688,63,1
6689,76,1
6690,63,1
6691,138,1
6692,100,1
6693,200,0
6694,200,0
6695,84,1
6696,50,1
6697,89,1
6698,149,1
6699,150,1
6700,149,1
6701,137,1
6702,144,1
6703,86,1
6704,200,0
6705,81,1
6706,200,0
6707,196,1
6708,62,1
6709,104,1
6710,200,0
6711,188,1
6712,101,1
6713,200,0
6714,123,1
6715,200,0
6716,178,1
6717,71,0
6718,200,0
6719,200,0
6720,64,1
6721,85,1
6722,118,1
6723,61,1
6724,130,1
6725,80,1
6726,200,0
6727,200,0
6728,106,1
6729,108,1
6730,200,0
6731,185,1
6732,200,0
6733,200,0
6734,162,1
6735,109,1
6736,200,0
6737,105,1
6738,62,1
6739,69,1
6740,106,1
6741,92,1
6742,80,1
6743,200,0
6744,52,1
6745,113,1
6746,120,1
6747,64,1
6748,159,1
6749,113,1
6750,110,1
6751,142,1
6752,73,1
6753,32,1
6754,66,0
6755,182,1
6756,108,1
6757,114,1
6758,157,1
6759,55,1
6760,71,1
6761,200,0
6762,81,1
6763,119,1
6764,95,1
6765,188,1
6766,51,1
6767,154,1
6768,124,1
6769,97,1
6770,200,0
6771,200,0
6772,200,0
6773,194,1
6774,200,0
6775,200,0
6776,200,0
6777,53,1
6778,59,1
6779,173,1
6780,66,1
6781,200,0
6782,158,1
6783,109,1
6784,164,1
6785,159,1
6786,82,1
6787,95,1
6788,200,0
6789,200,0
6790,200,0
6791,200,0
6792,75,1
6793,200,0
6794,200,0
6795,187,1
6796,161,1
6797,54,1
6798,200,0
6799,196,1
6800,76,1
6801,125,1
6802,200,0
6803,194,1
6804,190,1
6805,200,0
6806,200,0
6807,200,0
6808,164,1
6809,68,0
6810,49,1
6811,87,1
6812,159,0
6813,156,1
6814,200,0
6815,136,1
6816,64,1
6817,181,1
6818,200,0
6819,100,1
6820,102,1
6821,62,0
6822,30,1
6823,54,1
6824,92,1
6825,72,1
6826,77,1
6827,114,1
6828,108,1
6829,58,1
6830,81,1
6831,156,1
6832,86,0
6833,181,1
6834,200,0
6835,155,1
6836,138,1
6837,200,0
6838,112,1
6839,200,0
6840,129,1
6841,200,0
6842,155,1
6843,131,1
6844,69,1
6845,98,1
6846,200,0
6847,109,1
6848,90,1
6849,161,1
6850,186,1
6851,96,1
6852,110,0
6853,56,1
6854,64,1
6855,200,0
6856,97,1
6857,10,0
6858,62,1
6859,200,0
6860,109,1
6861,151,1
6862,200,0
6863,122,1
6864,200,0
6865,97,1
6866,188,1
6867,58,1
6868,114,1
6869,96,1
6870,187,1
6871,129,1
6872,200,0
6873,200,0
6874,81,1
6875,37,1
6876,158,1
6877,95,1
6878,118,0
6879,200,0
6880,123,1
6881,200,0
6882,98,1
6883,194,1
6884,117,1
6885,86,1
6886,103,1
6887,108,1
6888,164,1
6889,188,1
6890,200,0
6891,200,0
6892,125,1
6893,109,1
6894,70,1
6895,119,1
6896,175,1
6897,134,1
6898,200,0
6899,156,1
6900,178,1
6901,162,1
6902,141,1
6903,69,1
6904,93,1
6905,200,0
6906,200,0
6907,179,1
6908,52,1
6909,47,1
6910,64,1
6911,86,1
6912,140,1
6913,74,1
6914,124,1
6915,162,1
6916,92,1
6917,100,1
6918,200,0
6919,126,1
6920,139,1
6921,151,1
6922,167,1
6923,200,0
6924,76,1
6925,129,1
6926,79,1
6927,82,1
6928,85,1
6929,91,0
6930,164,1
6931,58,1
6932,200,0
6933,153,1
6934,75,1
6935,200,0
6936,93,1
6937,200,0
6938,200,0
6939,200,0
6940,62,1
6941,109,1
6942,112,1
6943,181,1
6944,161,1
6945,162,1
6946,200,0
6947,200,0
6948,200,0
6949,200,0
6950,159,1
6951,42,1
6952,106,1
6953,145,1
6954,200,0
6955,200,0
6956,200,0
6957,200,0
6958,112,1
6959,163,1
6960,70,1
6961,87,1
6962,81,1
6963,49,1
6964,101,1
6965,76,0
6966,200,0
6967,72,1
6968,155,1
6969,38,1
6970,29,1
6971,127,1
6972,54,0
6973,74,1
6974,90,1
6975,175,1
6976,50,1
6977,64,1
6978,80,1
6979,171,1
6980,200,0
6981,175,0
6982,200,0
6983,94,1
6984,62,1
6985,200,0
6986,137,1
6987,61,1
6988,82,1
6989,200,0
6990,144,1
6991,189,1
6992,90,1
6993,200,0
6994,57,1
6995,180,1
6996,56,0
6997,200,0
6998,147,1
6999,147,1
7000,83,1
7001,113,1
7002,200,0
7003,116,1
7004,200,0
7005,111,1
7006,44,1
7007,200,0
7008,200,0
7009,110,1
7010,200,0
7011,91,1
7012,200,0
7013,181,1
7014,200,0
7015,200,0
7016,200,0
7017,82,1
7018,141,1
7019,186,1
7020,140,0
7021,68,1
7022,193,1
7023,172,1
7024,69,1
7025,63,0
7026,200,0
7027,76,0
7028,79,1
7029,132,1
7030,118,1
7031,111,1
7032,200,0
7033,148,1
7034,128,1
7035,200,0
7036,168,1
7037,154,1
7038,200,0
7039,59,1
7040,49,1
7041,186,1
7042,74,1
7043,153,0
7044,200,0
7045,177,1
7046,173,1
7047,200,0
7048,113,1
7049,69,1
7050,101,1
7051,200,0
7052,53,1
7053,155,1
7054,200,0
7055,78,1
7056,45,1
7057,200,0
7058,200,0
7059,102,1
7060,176,1
7061,200,1
7062,68,1
7063,180,1
7064,176,1
7065,52,1
7066,80,1
7067,139,1
7068,110,1
7069,200,0
7070,149,1
7071,173,1
7072,61,1
7073,59,1
7074,139,1
7075,83,0
7076,117,1
7077,200,0
7078,200,0
7079,200,0
7080,71,1
7081,200,0
7082,122,1
7083,99,1
7084,144,1
7085,200,0
7086,135,1
7087,64,0
7088,79,1
7089,176,1
7090,200,0
7091,111,1
7092,198,1
7093,58,1
7094,200,0
7095,99,1
7096,200,0
7097,200,0
7098,98,1
7099,200,0
7100,82,1
7101,81,0
7102,132,1
7103,200,0
7104,200,0
7105,200,0
7106,114,1
7107,93,1
7108,79,0
7109,58,1
7110,79,1
7111,200,0
7112,200,0
7113,200,0
7114,200,0
7115,74,1
7116,123,1
7117,135,1
7118,200,0
7119,200,0
7120,133,1
7121,131,1
7122,46,1
7123,200,0
7124,137,1
7125,53,1
7126,110,1
7127,93,1
7128,200,0
7129,41,0
7130,200,0
7131,70,1
7132,146,1
7133,80,1
7134,200,0
7135,73,1
7136,179,1
7137,173,1
7138,200,0
7139,200,0
7140,200,0
7141,48,1
7142,200,0
7143,78,1
7144,53,1
7145,92,1
7146,95,1
7147,72,1
7148,200,0
7149,74,1
7150,139,1
7151,32,1
7152,200,0
7153,138,1
7154,200,0
7155,130,1
7156,200,0
7157,200,0
7158,80,1
7159,88,1
7160,186,1
7161,114,1
7162,143,1
7163,89,1
7164,86,1
7165,200,0
7166,137,1
7167,57,1
7168,124,1
7169,57,1
7170,118,1
7171,29,1
7172,200,0
7173,118,1
7174,52,0
7175,68,1
7176,69,1
7177,131,1
7178,176,1
7179,101,0
7180,135,1
7181,179,1
7182,137,1
7183,78,1
7184,181,1
7185,200,0
7186,43,1
7187,46,1
7188,139,1
7189,143,1
7190,155,1
7191,200,0
7192,200,0
7193,104,1
7194,82,1
7195,200,0
7196,46,0
7197,73,1
7198,69,1
7199,87,1
7200,171,0
7201,53,1
7202,200,1
7203,55,1
7204,76,1
7205,97,1
7206,175,1
7207,84,1
7208,200,0
7209,200,0
7210,129,1
7211,138,1
7212,200,0
7213,117,0
7214,135,1
7215,124,1
7216,200,0
7217,132,1
7218,142,1
7219,53,1
7220,200,0
7221,199,1
7222,168,1
7223,153,1
7224,134,1
7225,95,1
7226,170,1
7227,108,1
7228,38,0
7229,200,0
7230,80,1
7231,200,0
7232,96,1
7233,63,1
7234,62,1
7235,45,1
7236,200,1
7237,53,1
7238,168,1
7239,61,1
7240,119,1
7241,119,1
7242,85,1
7243,108,1
7244,126,1
7245,110,1
7246,51,1
7247,57,1
7248,39,1
7249,141,1
7250,136,1
7251,200,0
7252,76,1
7253,200,0
7254,103,0
7255,200,0
7256,83,1
7257,93,1
7258,163,1
7259,132,1
7260,200,0
7261,49,1
7262,117,1
7263,165,1
7264,200,0
7265,75,1
7266,168,1
7267,59,1
7268,200,0
7269,200,0
7270,200,0
7271,89,0
7272,200,0
7273,146,1
7274,74,1
7275,37,1
7276,200,0
7277,200,0
7278,200,0
7279,136,1
7280,200,0
7281,100,1
7282,181,1
7283,93,1
7284,142,1
7285,134,1
7286,107,1
7287,57,1
7288,72,1
7289,116,1
7290,200,0
7291,112,1
7292,200,0
7293,148,1
7294,144,1
7295,87,1
7296,84,1
7297,158,1
7298,112,1
7299,66,1
7300,200,0
7301,82,0
7302,130,1
7303,147,1
7304,200,0
7305,154,1
7306,96,1
7307,36,1
7308,111,1
7309,49,1
7310,77,1
7311,167,1
7312,200,0
7313,200,0
7314,200,0
7315,200,0
7316,200,0
7317,37,1
7318,36,0
7319,200,0
7320,74,0
7321,82,1
7322,154,1
7323,131,1
7324,200,0
7325,141,1
7326,200,0
7327,95,1
7328,110,1
7329,200,0
7330,130,1
7331,134,1
7332,70,1
7333,200,0
7334,48,1
7335,76,1
7336,199,1
7337,59,0
7338,200,0
7339,144,1
7340,200,0
7341,200,0
7342,200,0
7343,168,1
7344,145,1
7345,84,1
7346,187,1
7347,69,1
7348,107,1
7349,40,1
7350,130,1
7351,135,1
7352,177,1
7353,177,1
7354,126,1
7355,111,1
7356,47,1
7357,60,1
7358,91,1
7359,154,1
7360,182,1
7361,149,1
7362,79,1
7363,67,1
7364,135,1
7365,147,1
7366,110,1
7367,196,1
7368,55,1
7369,111,0
7370,180,1
7371,108,1
7372,131,1
7373,70,1
7374,132,1
7375,200,0
7376,79,1
7377,109,1
7378,200,0
7379,175,1
7380,123,1
7381,180,1
7382,90,1
7383,200,0
7384,78,1
7385,128,1
7386,41,1
7387,200,0
7388,43,1
7389,102,1
7390,62,1
7391,136,1
7392,124,1
7393,157,1
7394,57,0
7395,69,1
7396,200,0
7397,200,0
7398,168,1
7399,84,1
7400,140,1
7401,78,1
7402,95,1
7403,86,1
7404,130,1
7405,200,0
7406,102,1
7407,69,1
7408,106,1
7409,200,0
7410,200,0
7411,128,0
7412,146,1
7413,200,0
7414,79,1
7415,198,1
7416,199,1
7417,178,1
7418,180,1
7419,195,1
7420,42,1
7421,167,1
7422,200,0
7423,136,1
7424,200,0
7425,98,1
7426,102,1
7427,199,1
7428,180,1
7429,44,0
7430,200,0
7431,200,0
7432,109,1
7433,200,0
7434,200,0
7435,122,1
7436,156,1
7437,152,1
7438,113,1
7439,200,0
7440,173,1
7441,28,1
7442,181,1
7443,90,1
7444,96,1
7445,200,0
7446,200,0
7447,106,1
7448,147,1
7449,63,1
7450,66,1
7451,131,1
7452,200,0
7453,200,0
7454,45,1
7455,58,1
7456,93,1
7457,20,0
7458,147,0
7459,81,0
7460,73,1
7461,200,0
7462,151,1
7463,92,1
7464,161,1
7465,200,0
7466,149,1
7467,174,1
7468,200,0
7469,200,0
7470,129,1
7471,15,0
7472,103,1
7473,200,0
7474,82,1
7475,200,0
7476,101,1
7477,185,1
7478,121,1
7479,31,0
7480,200,0
7481,85,1
7482,200,0
7483,112,1
7484,68,1
7485,128,1
7486,200,0
7487,142,1
7488,125,1
7489,59,1
7490,190,1
7491,101,1
7492,200,0
7493,200,0
7494,200,0
7495,200,0
7496,77,1
7497,95,1
7498,79,1
7499,200,0
7500,200,0
7501,200,0
7502,200,0
7503,111,1
7504,200,0
7505,200,0
7506,200,0
7507,95,1
7508,192,1
7509,118,1
7510,43,1
7511,151,1
7512,200,0
7513,200,0
7514,163,0
7515,74,1
7516,200,0
7517,153,1
7518,200,0
7519,86,1
7520,199,1
7521,108,0
7522,172,1
7523,180,1
7524,46,1
7525,200,0
7526,101,1
7527,200,0
7528,200,0
7529,200,0
7530,26,0
7531,200,0
7532,59,0
7533,107,1
7534,200,0
7535,200,0
7536,57,1
7537,170,1
7538,84,1
7539,200,0
7540,84,1
7541,91,1
7542,70,1
7543,93,1
7544,34,1
7545,66,1
7546,183,1
7547,125,1
7548,63,1
7549,49,1
7550,102,1
7551,104,1
7552,104,1
7553,63,1
7554,90,1
7555,200,0
7556,94,0
7557,157,1
7558,136,0
7559,184,1
7560,153,1
7561,190,1
7562,102,1
7563,90,1
7564,141,1
7565,128,1
7566,170,1
7567,77,1
7568,84,1
7569,47,1
7570,54,1
7571,99,1
7572,177,1
7573,200,0
7574,200,0
7575,144,1
7576,200,0
7577,122,1
7578,112,1
7579,190,1
7580,139,1
7581,200,0
7582,47,1
7583,121,1
7584,200,0
7585,130,1
7586,200,0
7587,106,1
7588,200,0
7589,166,1
7590,160,1
7591,188,1
7592,200,0
7593,50,1
7594,115,1
7595,69,1
7596,114,1
7597,160,0
7598,72,1
7599,200,0
7600,200,0
7601,200,0
7602,91,1
7603,175,1
7604,45,1
7605,89,1
7606,87,1
7607,135,1
7608,200,0
7609,200,0
7610,200,0
7611,200,0
7612,77,1
7613,200,1
7614,200,0
7615,75,1
7616,200,0
7617,200,0
7618,95,1
7619,200,0
7620,86,1
7621,160,1
7622,125,1
7623,200,0
7624,200,0
7625,108,1
7626,200,0
7627,85,1
7628,46,1
7629,99,1
7630,37,1
7631,200,0
7632,85,1
7633,181,1
7634,199,1
7635,200,0
7636,200,0
7637,144,1
7638,142,0
7639,93,1
7640,200,0
7641,83,1
7642,132,1
7643,154,1
7644,185,0
7645,144,1
7646,196,0
7647,90,1
7648,98,1
7649,200,0
7650,200,0
7651,200,0
7652,160,1
7653,56,1
7654,200,0
7655,122,1
7656,116,1
7657,97,1
7658,82,1
7659,182,1
7660,99,1
7661,200,0
7662,35,1
7663,197,1
7664,57,1
7665,160,1
7666,88,1
7667,141,1
7668,77,1
7669,139,1
7670,98,1
7671,103,1
7672,195,1
7673,142,1
7674,189,1
7675,142,1
7676,200,0
7677,69,1
7678,155,1
7679,78,0
7680,129,1
7681,106,1
7682,156,1
7683,79,1
7684,185,1
7685,96,1
7686,195,1
7687,70,1
7688,71,1
7689,29,1
7690,59,1
7691,103,1
7692,200,0
7693,94,1
7694,20,0
7695,200,0
7696,133,1
7697,79,1
7698,17,0
7699,80,0
7700,143,1
7701,134,1
7702,167,1
7703,200,0
7704,161,1
7705,104,1
7706,60,0
7707,109,1
7708,164,1
7709,88,0
7710,116,1
7711,75,1
7712,54,1
7713,200,0
7714,200,0
7715,41,1
7716,199,1
7717,156,1
7718,70,0
7719,67,1
7720,200,0
7721,200,0
7722,96,1
7723,187,1
7724,192,1
7725,198,1
7726,150,1
7727,94,1
7728,154,1
7729,200,0
7730,94,1
7731,200,0
7732,145,1
7733,130,1
7734,88,1
7735,43,1
7736,83,1
7737,95,1
7738,187,1
7739,79,1
7740,89,1
7741,200,0
7742,26,1
7743,147,1
7744,59,1
7745,200,0
7746,110,1
7747,200,0
7748,200,0
7749,200,0
7750,117,1
7751,42,0
7752,200,0
7753,84,1
7754,75,1
7755,89,1
7756,109,1
7757,44,1
7758,195,1
7759,83,1
7760,156,1
7761,200,0
7762,91,1
7763,135,1
7764,85,1
7765,38,1
7766,184,1
7767,52,1
7768,200,0
7769,200,0
7770,200,0
7771,188,1
7772,144,1
7773,152,1
7774,86,1
7775,200,0
7776,200,0
7777,92,1
7778,141,1
7779,170,0
7780,200,0
7781,58,1
7782,200,0
7783,124,1
7784,92,1
7785,34,1
7786,29,1
7787,200,0
7788,157,1
7789,200,0
7790,200,0
7791,153,1
7792,200,0
7793,56,1
7794,53,0
7795,124,1
7796,155,1
7797,200,0
7798,182,1
7799,200,0
7800,137,1
7801,200,0
7802,63,0
7803,126,1
7804,200,0
7805,200,0
7806,200,0
7807,66,1
7808,25,1
7809,83,1
7810,140,1
7811,200,0
7812,113,1
7813,200,0
7814,187,1
7815,200,0
7816,200,0
7817,33,1
7818,13,0
7819,200,0
7820,63,1
7821,133,1
7822,127,1
7823,81,1
7824,145,1
7825,200,0
7826,145,1
7827,130,1
7828,200,0
7829,51,1
7830,200,0
7831,200,0
7832,79,1
7833,187,0
7834,189,1
7835,200,0
7836,145,1
7837,97,1
7838,200,0
7839,132,1
7840,200,0
7841,48,1
7842,200,0
7843,62,1
7844,172,1
7845,157,1
7846,123,1
7847,96,1
7848,66,1
7849,62,1
7850,99,1
7851,132,1
7852,48,1
7853,81,1
7854,200,1
7855,120,1
7856,171,1
7857,120,1
7858,113,1
7859,149,1
7860,118,1
7861,116,1
7862,100,1
7863,164,1
7864,57,1
7865,200,0
7866,162,1
7867,132,1
7868,200,0
7869,96,1
7870,200,0
7871,167,1
7872,200,0
7873,200,0
7874,137,0
7875,166,1
7876,184,1
7877,148,1
7878,145,1
7879,78,0
7880,200,0
7881,200,0
7882,200,0
7883,141,1
7884,200,0
7885,199,1
7886,60,1
7887,153,1
7888,200,0
7889,118,1
7890,200,0
7891,113,1
7892,163,1
7893,88,1
7894,51,1
7895,88,1
7896,186,1
7897,200,0
7898,120,1
7899,156,1
7900,93,1
7901,183,1
7902,182,1
7903,60,1
7904,135,1
7905,62,1
7906,109,1
7907,140,1
7908,122,1
7909,81,1
7910,76,1
7911,39,1
7912,200,0
7913,64,1
7914,122,1
7915,134,1
7916,82,1
7917,66,1
7918,113,1
7919,105,1
7920,200,0
7921,85,0
7922,118,1
7923,186,1
7924,176,1
7925,85,1
7926,103,1
7927,200,0
7928,109,1
7929,33,1
7930,200,0
7931,114,1
7932,200,0
7933,75,1
7934,80,1
7935,147,1
7936,200,0
7937,146,1
7938,200,0
7939,163,1
7940,200,0
7941,115,1
7942,80,1
7943,60,1
7944,84,1
7945,100,1
7946,130,1
7947,118,1
7948,75,1
7949,200,0
7950,200,0
7951,148,1
7952,52,1
7953,36,1
7954,62,1
7955,134,1
7956,91,1
7957,56,1
7958,68,1
7959,94,1
7960,131,1
7961,67,1
7962,58,1
7963,57,1
7964,200,0
7965,74,1
7966,103,1
7967,77,1
7968,200,0
7969,56,1
7970,200,0
7971,200,0
7972,168,1
7973,61,1
7974,48,0
7975,63,1
7976,79,1
7977,165,1
7978,145,1
7979,200,0
7980,44,1
7981,104,1
7982,200,0
7983,198,1
7984,149,1
7985,185,1
7986,114,0
7987,113,1
7988,200,0
7989,40,0
7990,199,1
7991,200,0
7992,68,0
7993,93,1
7994,65,1
7995,139,1
7996,157,1
7997,59,1
7998,200,0
7999,75,1
8000,51,1
8001,147,1
8002,200,0
8003,94,1
8004,181,1
8005,66,1
8006,200,0
8007,91,0
8008,68,0
8009,200,0
8010,200,0
8011,200,0
8012,200,0
8013,200,0
8014,112,1
8015,85,1
8016,137,1
8017,200,0
8018,129,1
8019,109,1
8020,157,1
8021,177,1
8022,89,1
8023,118,1
8024,42,1
8025,180,1
8026,200,0
8027,160,1
8028,55,1
8029,145,1
8030,85,1
8031,85,1
8032,200,0
8033,200,0
8034,116,1
8035,78,1
8036,107,1
8037,184,1
8038,154,1
8039,84,1
8040,200,0
8041,120,1
8042,192,1
8043,159,1
8044,75,1
8045,200,0
8046,62,1
8047,200,0
8048,137,0
8049,200,0
8050,200,0
8051,102,1
8052,133,1
8053,116,1
8054,200,0
8055,119,1
8056,112,1
8057,156,1
8058,200,0
8059,171,1
8060,200,0
8061,200,0
8062,30,0
8063,107,1
8064,70,1
8065,108,1
8066,142,1
8067,114,1
8068,94,1
8069,164,1
8070,71,1
8071,118,1
8072,78,1
8073,68,0
8074,46,1
8075,200,0
8076,142,1
8077,157,1
8078,58,1
8079,200,0
8080,140,1
8081,97,0
8082,134,1
8083,172,1
8084,78,1
8085,89,1
8086,179,1
8087,84,1
8088,41,1
8089,103,1
8090,157,1
8091,109,1
8092,194,1
8093,200,0
8094,34,1
8095,191,1
8096,195,1
8097,119,1
8098,99,1
8099,75,1
8100,59,1
8101,200,0
8102,159,1
8103,200,0
8104,200,0
8105,200,0
8106,55,1
8107,106,0
8108,183,1
8109,77,1
8110,63,1
8111,200,0
8112,200,0
8113,56,1
8114,115,1
8115,183,1
8116,200,0
8117,200,0
8118,63,1
8119,69,1
8120,167,1
8121,200,0
8122,198,1
8123,140,1
8124,151,0
8125,200,0
8126,200,0
8127,200,0
8128,137,1
8129,41,1
8130,200,0
8131,200,0
8132,177,1
8133,200,0
8134,155,1
8135,200,0
8136,137,1
8137,81,1
8138,200,0
8139,193,1
8140,122,1
8141,200,0
8142,125,1
8143,191,1
8144,200,0
8145,149,1
8146,44,1
8147,110,1
8148,80,1
8149,200,0
8150,99,1
8151,73,1
8152,61,1
8153,148,1
8154,97,1
8155,162,1
8156,200,0
8157,79,1
8158,199,1
8159,174,1
8160,145,1
8161,113,1
8162,73,1
8163,39,1
8164,69,1
8165,200,0
8166,103,1
8167,24,0
8168,200,0
8169,140,1
8170,33,0
8171,95,1
8172,37,1
8173,75,1
8174,117,1
8175,142,1
8176,200,0
8177,174,1
8178,76,1
8179,118,1
8180,182,1
8181,72,1
8182,200,0
8183,200,0
8184,48,1
8185,40,0
8186,200,0
8187,200,0
8188,189,0
8189,124,1
8190,200,0
8191,23,0
8192,200,0
8193,165,1
8194,200,0
8195,152,1
8196,65,1
8197,150,1
8198,200,0
8199,63,1
8200,11,0
8201,27,0
8202,45,1
8203,200,0
8204,46,1
8205,65,1
8206,38,1
8207,200,0
8208,81,1
8209,67,1
8210,155,1
8211,82,1
8212,110,1
8213,200,0
8214,73,1
8215,81,0
8216,157,1
8217,200,0
8218,103,1
8219,59,1
8220,155,1
8221,55,1
8222,161,1
8223,64,1
8224,58,1
8225,49,1
8226,200,0
8227,173,1
8228,200,0
8229,193,1
8230,159,1
8231,125,1
8232,123,1
8233,146,1
8234,34,1
8235,149,1
8236,199,1
8237,200,0
8238,122,1
8239,83,1
8240,102,1
8241,122,1
8242,200,0
8243,62,1
8244,124,1
8245,95,1
8246,85,1
8247,125,1
8248,60,1
8249,185,1
8250,196,1
8251,150,1
8252,81,1
8253,76,1
8254,97,1
8255,184,0
8256,149,1
8257,200,0
8258,200,0
8259,200,0
8260,200,0
8261,196,1
8262,93,1
8263,188,1
8264,200,0
8265,79,1
8266,200,0
8267,200,0
8268,102,1
8269,168,1
8270,40,1
8271,160,1
8272,165,1
8273,156,1
8274,98,1
8275,44,0
8276,200,0
8277,200,0
8278,168,1
8279,184,1
8280,200,0
8281,135,1
8282,200,0
8283,200,0
8284,92,1
8285,165,1
8286,190,1
8287,137,1
8288,151,1
8289,80,1
8290,200,0
8291,125,1
8292,127,1
8293,131,1
8294,77,1
8295,71,1
8296,77,1
8297,200,0
8298,119,1
8299,111,1
8300,150,1
8301,138,1
8302,89,0
8303,84,1
8304,103,1
8305,69,1
8306,200,0
8307,73,1
8308,113,1
8309,54,1
8310,102,1
8311,180,1
8312,87,1
8313,80,1
8314,200,0
8315,137,1
8316,56,1
8317,111,0
8318,200,0
8319,87,1
8320,112,1
8321,200,0
8322,96,1
8323,104,1
8324,87,1
8325,132,1
8326,61,1
8327,200,0
8328,200,0
8329,43,1
8330,153,1
8331,53,1
8332,70,1
8333,123,1
8334,116,1
8335,38,1
8336,62,1
8337,125,1
8338,116,1
8339,200,0
8340,197,1
8341,62,1
8342,33,1
8343,112,1
8344,172,1
8345,19,0
8346,200,0
8347,200,0
8348,200,0
8349,93,1
8350,92,1
8351,60,1
8352,200,0
8353,72,1
8354,48,1
8355,200,0
8356,133,1
8357,133,1
8358,162,0
8359,116,1
8360,112,1
8361,166,1
8362,114,1
8363,74,1
8364,108,1
8365,106,1
8366,161,1
8367,97,1
8368,97,1
8369,200,0
8370,163,1
8371,56,1
8372,159,1
8373,62,1
8374,55,1
8375,200,0
8376,200,0
8377,39,0
8378,200,0
8379,174,1
8380,200,0
8381,74,1
8382,116,1
8383,136,1
8384,97,1
8385,200,0
8386,179,1
8387,200,0
8388,95,0
8389,200,0
8390,88,1
8391,200,0
8392,80,1
8393,200,0
8394,113,1
8395,111,1
8396,104,1
8397,53,1
8398,200,0
8399,142,1
8400,200,0
8401,169,1
8402,200,0
8403,200,0
8404,90,1
8405,170,1
8406,190,1
8407,200,0
8408,200,0
8409,119,0
8410,117,1
8411,171,1
8412,61,1
8413,158,1
8414,101,1
8415,200,0
8416,200,0
8417,69,1
8418,76,1
8419,200,0
8420,75,1
8421,55,1
8422,92,1
8423,75,1
8424,173,1
8425,177,1
8426,138,1
8427,115,1
8428,41,1
8429,200,0
8430,44,1
8431,83,1
8432,58,1
8433,173,1
8434,161,1
8435,143,1
8436,83,1
8437,127,1
8438,104,1
8439,58,1
8440,200,0
8441,66,1
8442,96,1
8443,200,0
8444,91,1
8445,200,0
8446,200,0
8447,142,1
8448,128,1
8449,110,1
8450,200,0
8451,54,1
8452,76,1
8453,147,1
8454,193,1
8455,180,1
8456,200,0
8457,64,1
8458,92,1
8459,179,1
8460,195,1
8461,200,0
8462,46,1
8463,92,1
8464,200,0
8465,188,1
8466,75,1
8467,108,1
8468,50,0
8469,178,1
8470,66,1
8471,106,1
8472,98,1
8473,78,1
8474,200,0
8475,120,1
8476,168,1
8477,184,1
8478,200,0
8479,190,1
8480,49,1
8481,59,1
8482,60,1
8483,200,0
8484,100,1
8485,163,1
8486,96,1
8487,94,1
8488,200,0
8489,200,0
8490,141,1
8491,60,0
8492,200,0
8493,119,1
8494,200,0
8495,190,1
8496,118,1
8497,194,1
8498,82,1
8499,37,1
8500,192,1
8501,164,1
8502,98,1
8503,29,0
8504,78,1
8505,85,1
8506,116,1
8507,200,0
8508,111,1
8509,102,1
8510,63,1
8511,161,1
8512,142,1
8513,43,1
8514,97,1
8515,55,1
8516,200,0
8517,138,1
8518,72,1
8519,112,1
8520,38,1
8521,116,1
8522,45,1
8523,164,1
8524,127,1
8525,200,0
8526,116,1
8527,67,0
8528,82,1
8529,148,1
8530,77,1
8531,188,1
8532,111,1
8533,200,0
8534,115,1
8535,12,0
8536,185,1
8537,200,0
8538,200,0
8539,137,1
8540,107,1
8541,173,1
8542,98,1
8543,132,1
8544,55,1
8545,149,1
8546,200,0
8547,79,1
8548,122,1
8549,150,1
8550,128,1
8551,102,1
8552,79,1
8553,75,1
8554,115,1
8555,155,1
8556,118,1
8557,63,1
8558,200,0
8559,200,0
8560,200,0
8561,91,1
8562,157,1
8563,74,1
8564,163,1
8565,149,1
8566,89,1
8567,44,1
8568,200,0
8569,165,1
8570,155,1
8571,97,1
8572,179,1
8573,146,0
8574,200,0
8575,113,1
8576,101,1
8577,177,1
8578,102,1
8579,200,0
8580,179,1
8581,200,0
8582,144,1
8583,158,1
8584,88,1
8585,200,0
8586,105,1
8587,200,0
8588,66,1
8589,34,1
8590,141,1
8591,95,0
8592,179,1
8593,200,0
8594,51,1
8595,86,1
8596,65,1
8597,88,1
8598,42,1
8599,200,0
8600,90,1
8601,200,0
8602,156,1
8603,78,1
8604,200,0
8605,67,1
8606,141,1
8607,132,1
8608,200,0
8609,189,0
8610,134,1
8611,191,1
8612,121,1
8613,189,1
8614,91,1
8615,200,0
8616,200,0
8617,121,1
8618,133,1
8619,200,0
8620,97,1
8621,101,1
8622,61,1
8623,118,1
8624,53,0
8625,103,1
8626,71,1
8627,200,0
8628,90,1
8629,161,1
8630,82,1
8631,200,0
8632,90,1
8633,200,0
8634,200,0
8635,170,1
8636,147,1
8637,116,1
8638,200,0
8639,76,1
8640,200,0
8641,50,1
8642,155,1
8643,200,0
8644,115,1
8645,56,1
8646,105,1
8647,200,0
8648,196,1
8649,200,0
8650,112,1
8651,153,1
8652,190,1
8653,174,1
8654,139,1
8655,58,1
8656,153,1
8657,138,1
8658,70,1
8659,200,0
8660,78,1
8661,68,1
8662,142,1
8663,108,1
8664,43,1
8665,198,1
8666,145,1
8667,184,1
8668,85,1
8669,94,1
8670,14,0
8671,88,0
8672,200,0
8673,33,1
8674,149,1
8675,87,1
8676,46,1
8677,94,1
8678,54,1
8679,78,0
8680,97,1
8681,200,0
8682,199,1
8683,200,0
8684,200,0
8685,200,0
8686,118,1
8687,27,0
8688,16,0
8689,200,0
8690,200,0
8691,77,1
8692,94,1
8693,142,1
8694,166,1
8695,80,1
8696,78,1
8697,51,1
8698,200,0
8699,127,1
8700,73,1
8701,43,1
8702,46,1
8703,64,1
8704,142,1
8705,82,1
8706,127,1
8707,22,0
8708,200,0
8709,143,1
8710,200,0
8711,104,0
8712,180,1
8713,55,1
8714,200,0
8715,200,0
8716,136,1
8717,81,1
8718,200,0
8719,188,1
8720,200,0
8721,84,1
8722,121,1
8723,35,0
8724,93,0
8725,200,0
8726,129,1
8727,74,1
8728,200,0
8729,180,1
8730,117,1
8731,44,1
8732,165,1
8733,200,0
8734,41,0
8735,117,1
8736,200,0
8737,80,1
8738,132,1
8739,112,1
8740,170,1
8741,126,1
8742,200,0
8743,200,0
8744,200,0
8745,200,0
8746,176,1
8747,200,0
8748,74,1
8749,200,0
8750,200,0
8751,82,1
8752,200,0
8753,77,1
8754,110,1
8755,98,1
8756,139,1
8757,179,1
8758,82,1
8759,96,1
8760,60,1
8761,169,1
8762,200,0
8763,200,0
8764,38,1
8765,124,1
8766,182,1
8767,50,1
8768,200,0
8769,200,0
8770,200,0
8771,168,1
8772,106,0
8773,146,1
8774,142,1
8775,200,0
8776,200,0
8777,108,1
8778,200,0
8779,154,1
8780,113,1
8781,106,1
8782,42,1
8783,92,1
8784,65,1
8785,143,1
8786,161,1
8787,145,1
8788,198,1
8789,121,1
8790,90,1
8791,153,1
8792,71,1
8793,114,1
8794,200,0
8795,89,0
8796,187,1
8797,120,1
8798,32,1
8799,144,0
8800,99,1
8801,200,0
8802,200,0
8803,136,1
8804,156,1
8805,200,0
8806,131,1
8807,132,1
8808,200,0
8809,86,1
8810,101,1
8811,200,0
8812,81,1
8813,130,1
8814,134,1
8815,198,1
8816,88,1
8817,162,1
8818,38,0
8819,135,1
8820,123,1
8821,200,0
8822,198,1
8823,170,1
8824,106,1
8825,141,1
8826,200,0
8827,124,1
8828,66,1
8829,52,1
8830,147,1
8831,38,0
8832,62,1
8833,70,1
8834,148,1
8835,135,1
8836,200,0
8837,61,1
8838,63,1
8839,173,1
8840,200,0
8841,173,1
8842,116,1
8843,54,1
8844,78,1
8845,104,1
8846,116,1
8847,200,0
8848,197,1
8849,200,0
8850,123,1
8851,81,1
8852,142,1
8853,48,1
8854,47,1
8855,107,1
8856,59,1
8857,200,0
8858,95,1
8859,164,1
8860,38,1
8861,130,1
8862,117,1
8863,101,1
8864,154,1
8865,53,1
8866,92,1
8867,177,1
8868,62,1
8869,88,1
8870,98,1
8871,122,1
8872,200,0
8873,136,1
8874,200,0
8875,200,0
8876,62,1
8877,200,0
8878,103,1
8879,140,1
8880,200,0
8881,27,1
8882,115,1
8883,200,0
8884,200,0
8885,86,1
8886,52,0
8887,200,0
8888,142,1
8889,148,1
8890,200,0
8891,90,1
8892,132,1
8893,145,1
8894,104,1
8895,123,1
8896,200,0
8897,101,1
8898,35,0
8899,65,0
8900,200,0
8901,104,1
8902,83,1
8903,83,0
8904,200,0
8905,9,0
8906,91,1
8907,200,0
8908,185,1
8909,104,1
8910,198,1
8911,181,1
8912,108,1
8913,140,1
8914,142,1
8915,97,1
8916,156,1
8917,200,0
8918,117,1
8919,188,1
8920,187,1
8921,200,0
8922,93,1
8923,200,0
8924,200,0
8925,155,1
8926,130,1
8927,55,0
8928,99,1
8929,125,1
8930,112,1
8931,200,0
8932,171,1
8933,200,0
8934,79,1
8935,81,0
8936,18,0
8937,139,1
8938,93,1
8939,57,0
8940,200,0
8941,72,1
8942,195,1
8943,200,0
8944,83,1
8945,183,1
8946,196,1
8947,200,0
8948,60,1
8949,47,1
8950,116,1
8951,57,1
8952,200,0
8953,200,0
8954,200,0
8955,66,1
8956,57,1
8957,163,1
8958,93,1
8959,200,0
8960,200,0
8961,130,1
8962,80,1
8963,144,1
8964,74,1
8965,101,1
8966,72,1
8967,55,0
8968,157,1
8969,69,1
8970,100,1
8971,184,1
8972,168,1
8973,200,0
8974,115,1
8975,200,0
8976,130,1
8977,135,1
8978,188,1
8979,73,1
8980,143,1
8981,102,1
8982,200,0
8983,67,1
8984,200,0
8985,81,1
8986,102,1
8987,82,1
8988,127,1
8989,88,0
8990,160,1
8991,200,0
8992,126,1
8993,200,0
8994,200,0
8995,136,1
8996,200,0
8997,191,1
8998,200,0
8999,85,0
9000,200,0
9001,143,1
9002,145,1
9003,147,1
9004,91,1
9005,200,0
9006,200,0
9007,119,1
9008,155,1
9009,200,0
9010,157,1
9011,147,1
9012,146,1
9013,58,1
9014,200,0
9015,200,0
9016,83,1
9017,200,0
9018,95,1
9019,107,1
9020,198,1
9021,200,0
9022,200,0
9023,181,1
9024,124,1
9025,200,0
9026,193,1
9027,128,1
9028,49,1
9029,200,0
9030,150,1
9031,105,1
9032,200,0
9033,178,0
9034,200,0
9035,200,0
9036,200,0
9037,66,1
9038,86,1
9039,200,0
9040,92,1
9041,166,1
9042,200,0
9043,200,0
9044,125,1
9045,200,0
9046,200,0
9047,92,1
9048,105,1
9049,162,1
9050,72,1
9051,74,1
9052,111,1
9053,200,0
9054,59,1
9055,134,1
9056,200,0
9057,48,1
9058,131,1
9059,200,0
9060,186,1
9061,170,1
9062,169,1
9063,139,1
9064,200,0
9065,180,1
9066,158,1
9067,173,1
9068,165,1
9069,158,1
9070,200,0
9071,62,0
9072,109,1
9073,90,1
9074,112,1
9075,200,0
9076,132,1
9077,200,0
9078,200,0
9079,106,1
9080,13,0
9081,88,1
9082,200,0
9083,176,1
9084,104,1
9085,175,1
9086,200,0
9087,200,0
9088,114,1
9089,109,1
9090,114,1
9091,200,0
9092,148,1
9093,109,1
9094,200,0
9095,200,0
9096,121,1
9097,98,1
9098,200,0
9099,126,1
9100,76,1
9101,200,0
9102,174,1
9103,200,0
9104,60,1
9105,54,0
9106,165,1
9107,200,0
9108,62,1
9109,61,1
9110,200,0
9111,175,1
9112,200,0
9113,77,0
9114,200,0
9115,78,1
9116,200,0
9117,147,1
9118,103,1
9119,56,1
9120,89,1
9121,120,1
9122,200,0
9123,200,0
9124,200,0
9125,47,1
9126,74,1
9127,64,1
9128,117,1
9129,200,0
9130,121,1
9131,200,0
9132,105,1
9133,123,1
9134,158,1
9135,49,1
9136,143,0
9137,32,1
9138,94,1
9139,110,1
9140,132,1
9141,50,1
9142,200,0
9143,130,1
9144,110,1
9145,200,0
9146,147,1
9147,39,1
9148,94,1
9149,72,1
9150,67,1
9151,96,0
9152,88,1
9153,85,1
9154,87,1
9155,152,1
9156,128,1
9157,55,1
9158,166,1
9159,200,0
9160,136,1
9161,87,1
9162,200,0
9163,96,1
9164,125,1
9165,83,1
9166,164,1
9167,64,1
9168,190,1
9169,69,1
9170,87,1
9171,200,0
9172,56,1
9173,145,1
9174,140,1
9175,153,1
9176,169,1
9177,200,0
9178,86,1
9179,79,1
9180,200,0
9181,113,1
9182,191,1
9183,106,0
9184,92,1
9185,194,1
9186,71,1
9187,59,1
9188,75,1
9189,58,1
9190,61,1
9191,143,1
9192,78,1
9193,78,1
9194,79,1
9195,147,1
9196,87,1
9197,78,1
9198,89,0
9199,141,1
9200,62,1
9201,146,1
9202,200,0
9203,200,0
9204,87,1
9205,200,1
9206,122,1
9207,54,1
9208,200,0
9209,175,1
9210,75,1
9211,95,1
9212,71,1
9213,77,1
9214,64,1
9215,149,1
9216,200,0
9217,59,1
9218,160,1
9219,112,1
9220,180,1
9221,200,0
9222,200,0
9223,200,0
9224,129,1
9225,200,0
9226,106,1
9227,114,1
9228,123,1
9229,188,1
9230,158,1
9231,200,0
9232,175,1
9233,200,0
9234,83,1
9235,95,1
9236,183,1
9237,59,1
9238,200,0
9239,109,1
9240,200,0
9241,140,1
9242,200,0
9243,155,1
9244,130,1
9245,200,0
9246,102,1
9247,119,1
9248,200,0
9249,200,0
9250,104,1
9251,200,0
9252,158,1
9253,85,1
9254,200,0
9255,107,1
9256,161,1
9257,32,0
9258,71,0
9259,66,1
9260,200,0
9261,91,1
9262,38,0
9263,200,0
9264,200,0
9265,165,1
9266,200,0
9267,200,0
9268,104,1
9269,158,1
9270,172,1
9271,61,1
9272,142,1
9273,120,1
9274,58,1
9275,200,0
9276,200,0
9277,200,0
9278,111,1
9279,200,0
9280,200,0
9281,134,1
9282,85,1
9283,42,1
9284,122,1
9285,200,0
9286,116,1
9287,43,1
9288,73,1
9289,28,0
9290,65,1
9291,40,1
9292,200,0
9293,178,1
9294,50,1
9295,200,0
9296,115,1
9297,71,1
9298,39,1
9299,92,1
9300,155,1
9301,178,1
9302,99,1
9303,200,0
9304,200,0
9305,132,1
9306,76,1
9307,54,1
9308,67,1
9309,94,1
9310,159,1
9311,180,1
9312,116,1
9313,200,0
9314,117,1
9315,150,1
9316,200,0
9317,68,0
9318,30,1
9319,185,1
9320,113,1
9321,153,1
9322,125,1
9323,146,0
9324,200,0
9325,143,1
9326,29,1
9327,110,1
9328,200,0
9329,140,1
9330,92,1
9331,200,0
9332,86,1
9333,130,1
9334,69,1
9335,78,1
9336,91,1
9337,37,1
9338,189,1
9339,16,0
9340,198,1
9341,107,1
9342,45,1
9343,99,1
9344,121,1
9345,34,0
9346,49,1
9347,109,1
9348,106,1
9349,84,1
9350,154,1
9351,200,0
9352,198,1
9353,62,1
9354,200,0
9355,200,0
9356,57,1
9357,46,1
9358,73,1
9359,98,1
9360,99,1
9361,118,1
9362,190,1
9363,79,0
9364,141,1
9365,88,1
9366,134,1
9367,39,1
9368,200,0
9369,200,0
9370,200,0
9371,187,1
9372,196,1
9373,117,1
9374,96,1
9375,176,1
9376,200,0
9377,64,1
9378,145,1
9379,12,0
9380,200,0
9381,90,1
9382,184,1
9383,67,1
9384,68,1
9385,130,1
9386,110,1
9387,114,1
9388,107,1
9389,200,0
9390,42,1
9391,200,0
9392,200,0
9393,144,1
9394,144,1
9395,200,0
9396,104,0
9397,190,1
9398,200,0
9399,200,0
9400,88,1
9401,200,0
9402,161,1
9403,110,1
9404,169,1
9405,200,0
9406,200,0
9407,200,0
9408,200,0
9409,37,1
9410,84,1
9411,169,1
9412,59,1
9413,163,0
9414,112,1
9415,47,1
9416,63,1
9417,85,1
9418,79,1
9419,139,1
9420,200,0
9421,65,1
9422,200,0
9423,200,0
9424,200,0
9425,77,1
9426,112,1
9427,200,0
9428,144,1
9429,160,1
9430,200,0
9431,47,1
9432,109,1
9433,178,1
9434,147,1
9435,72,1
9436,76,1
9437,200,0
9438,200,0
9439,48,0
9440,112,1
9441,69,1
9442,143,1
9443,66,1
9444,200,0
9445,174,1
9446,200,0
9447,89,1
9448,125,1
9449,149,1
9450,200,0
9451,51,1
9452,71,1
9453,192,1
9454,102,1
9455,137,1
9456,41,1
9457,94,1
9458,139,1
9459,200,0
9460,200,0
9461,65,1
9462,86,1
9463,200,0
9464,200,0
9465,115,1
9466,104,1
9467,200,0
9468,165,1
9469,184,1
9470,200,0
9471,68,1
9472,124,1
9473,200,0
9474,105,1
9475,68,1
9476,142,1
9477,158,1
9478,69,1
9479,124,1
9480,157,1
9481,200,0
9482,200,0
9483,71,1
9484,182,1
9485,94,0
9486,43,1
9487,183,1
9488,81,1
9489,139,1
9490,78,1
9491,86,1
9492,192,1
9493,99,1
9494,200,0
9495,100,1
9496,87,1
9497,78,1
9498,200,0
9499,126,1
9500,84,1
9501,147,0
9502,93,1
9503,27,1
9504,131,1
9505,125,1
9506,68,1
9507,124,0
9508,196,1
9509,50,1
9510,122,1
9511,46,1
9512,151,1
9513,119,1
9514,200,0
9515,131,1
9516,200,0
9517,51,1
9518,154,1
9519,103,1
9520,72,0
9521,200,0
9522,101,1
9523,200,0
9524,71,1
9525,111,1
9526,200,0
9527,143,1
9528,200,0
9529,66,1
9530,97,0
9531,104,1
9532,139,1
9533,177,1
9534,200,0
9535,200,0
9536,41,1
9537,200,0
9538,135,1
9539,186,1
9540,87,1
9541,133,1
9542,192,1
9543,46,1
9544,34,0
9545,126,1
9546,200,0
9547,200,0
9548,106,1
9549,200,0
9550,49,1
9551,102,1
9552,200,0
9553,66,1
9554,177,1
9555,65,1
9556,133,1
9557,37,1
9558,102,1
9559,49,1
9560,127,1
9561,77,1
9562,48,1
9563,133,1
9564,149,1
9565,134,1
9566,76,1
9567,48,0
9568,200,0
9569,114,1
9570,137,0
9571,105,1
9572,67,1
9573,168,1
9574,83,1
9575,63,1
9576,54,1
9577,68,1
9578,194,1
9579,200,0
9580,88,1
9581,109,1
9582,200,0
9583,126,1
9584,52,1
9585,62,1
9586,157,1
9587,90,1
9588,200,0
9589,71,1
9590,74,1
9591,200,0
9592,98,1
9593,75,1
9594,200,0
9595,161,1
9596,40,0
9597,200,0
9598,135,1
9599,200,0
9600,200,0
9601,77,1
9602,113,1
9603,118,0
9604,112,1
9605,200,0
9606,200,0
9607,54,1
9608,99,1
9609,107,1
9610,200,0
9611,177,1
9612,112,1
9613,126,1
9614,200,0
9615,60,1
9616,200,0
9617,157,1
9618,200,0
9619,105,0
9620,172,1
9621,200,0
9622,65,1
9623,200,0
9624,83,1
9625,129,1
9626,177,1
9627,132,1
9628,126,1
9629,200,0
9630,200,0
9631,85,1
9632,93,1
9633,200,0
9634,76,0
9635,200,0
9636,179,1
9637,130,1
9638,93,1
9639,105,1
9640,125,1
9641,65,1
9642,119,1
9643,166,1
9644,200,0
9645,166,1
9646,69,1
9647,85,1
9648,111,1
9649,81,1
9650,98,1
9651,165,1
9652,64,1
9653,200,0
9654,148,1
9655,91,1
9656,101,1
9657,94,0
9658,146,1
9659,143,1
9660,200,0
9661,107,1
9662,200,0
9663,200,0
9664,66,1
9665,174,1
9666,169,1
9667,65,1
9668,168,1
9669,39,1
9670,200,0
9671,200,0
9672,95,1
9673,99,1
9674,58,0
9675,78,1
9676,48,1
9677,62,1
9678,200,0
9679,150,1
9680,42,1
9681,200,0
9682,85,1
9683,104,1
9684,200,0
9685,175,1
9686,200,0
9687,200,0
9688,200,0
9689,200,0
9690,167,1
9691,35,1
9692,189,1
9693,156,1
9694,123,1
9695,200,0
9696,200,0
9697,155,1
9698,173,1
9699,180,1
9700,200,0
9701,44,1
9702,200,0
9703,24,0
9704,49,1
9705,92,1
9706,93,1
9707,147,1
9708,165,1
9709,175,1
9710,165,1
9711,136,1
9712,194,1
9713,64,1
9714,91,1
9715,139,1
9716,51,1
9717,105,1
9718,200,0
9719,110,1
9720,129,1
9721,112,1
9722,74,1
9723,86,1
9724,147,1
9725,179,1
9726,118,1
9727,200,0
9728,108,1
9729,114,1
9730,161,1
9731,93,1
9732,72,1
9733,152,1
9734,117,1
9735,77,1
9736,200,0
9737,194,1
9738,200,0
9739,200,0
9740,66,1
9741,132,1
9742,73,1
9743,200,0
9744,200,0
9745,140,1
9746,107,1
9747,54,1
9748,38,1
9749,200,0
9750,175,1
9751,196,1
9752,200,0
9753,78,1
9754,129,0
9755,71,1
9756,57,1
9757,46,1
9758,30,1
9759,200,0
9760,55,1
9761,200,0
9762,149,1
9763,200,0
9764,146,1
9765,153,1
9766,176,1
9767,158,1
9768,170,1
9769,98,1
9770,185,1
9771,87,1
9772,155,1
9773,108,1
9774,66,1
9775,74,1
9776,200,0
9777,140,1
9778,39,1
9779,189,1
9780,163,1
9781,200,0
9782,175,1
9783,31,1
9784,101,0
9785,200,0
9786,73,1
9787,200,0
9788,200,0
9789,161,1
9790,161,1
9791,70,1
9792,157,1
9793,107,0
9794,200,0
9795,172,1
9796,63,1
9797,70,1
9798,171,1
9799,104,1
9800,103,1
9801,62,1
9802,113,1
9803,73,1
9804,111,1
9805,200,0
9806,77,1
9807,107,1
9808,182,1
9809,200,0
9810,96,1
9811,200,0
9812,66,1
9813,108,1
9814,200,0
9815,95,1
9816,56,1
9817,129,1
9818,173,1
9819,164,1
9820,200,0
9821,200,0
9822,138,1
9823,90,1
9824,200,0
9825,200,0
9826,152,1
9827,71,1
9828,126,1
9829,153,1
9830,67,1
9831,144,1
9832,133,1
9833,117,1
9834,200,0
9835,200,0
9836,149,1
9837,196,1
9838,122,1
9839,96,1
9840,192,1
9841,102,1
9842,45,1
9843,53,0
9844,200,0
9845,200,0
9846,200,0
9847,148,1
9848,190,1
9849,20,0
9850,81,1
9851,200,0
9852,63,1
9853,67,1
9854,194,1
9855,47,1
9856,200,0
9857,152,1
9858,110,1
9859,79,1
9860,200,0
9861,193,1
9862,196,1
9863,66,1
9864,200,0
9865,60,1
9866,200,0
9867,154,1
9868,158,1
9869,32,1
9870,101,0
9871,79,1
9872,181,1
9873,105,1
9874,115,1
9875,54,1
9876,103,1
9877,151,1
9878,66,1
9879,200,0
9880,153,1
9881,200,1
9882,71,1
9883,200,0
9884,197,1
9885,103,1
9886,200,0
9887,125,1
9888,164,1
9889,200,0
9890,118,1
9891,141,1
9892,98,1
9893,104,1
9894,129,1
9895,76,1
9896,140,1
9897,111,1
9898,83,1
9899,130,1
9900,81,0
9901,130,1
9902,164,1
9903,200,0
9904,58,1
9905,200,0
9906,123,1
9907,99,1
9908,119,1
9909,148,1
9910,125,1
9911,146,1
9912,165,1
9913,115,1
9914,151,1
9915,200,0
9916,200,0
9917,91,1
9918,200,0
9919,93,1
9920,85,1
9921,200,0
9922,67,1
9923,128,1
9924,67,1
9925,50,1
9926,85,0
9927,78,1
9928,96,1
9929,140,1
9930,200,0
9931,120,1
9932,112,1
9933,121,1
9934,65,1
9935,54,1
9936,95,1
9937,105,1
9938,146,1
9939,83,1
9940,154,1
9941,83,1
9942,166,1
9943,200,0
9944,78,1
9945,127,1
9946,34,1
9947,47,0
9948,200,0
9949,196,1
9950,200,0
9951,126,1
9952,143,1
9953,200,0
9954,200,0
9955,179,1
9956,196,1
9957,164,1
9958,179,1
9959,155,1
9960,157,1
9961,200,0
9962,150,1
9963,145,1
9964,125,1
9965,100,1
9966,145,1
9967,186,1
9968,86,1
9969,127,1
9970,200,0
9971,63,1
9972,92,1
9973,110,1
9974,124,1
9975,48,1
9976,175,0
9977,145,1
9978,105,1
9979,200,0
9980,200,0
9981,200,0
9982,200,0
9983,144,1
9984,198,1
9985,130,1
9986,116,1
9987,126,0
9988,144,1
9989,200,0
9990,200,0
9991,162,1
9992,92,1
9993,49,1
9994,200,0
9995,171,1
9996,200,0
9997,124,1
9998,123,1
9999,131,1
